Nest;Date;Year;Ring.no;Lprev;Lbinom;Weight;Wing;sampling_rank;Treatments;growth_rate;days_resample;sex;body_condition;delta_body_condition;Age_in_days;avg_age
1374;17/05/2020;2020;3121001;1;1;620;12.5;1;Malarone;NA;NA;Female;26.6736754344179;NA;18.5674780994807;NA
1374;23/05/2020;2020;3121001;1;1;890;18.6;2;Malarone;0.0602503307811747;6;Female;171.655735355154;144.982059920736;24.5799011545379;21.5736896270093
1374;17/05/2020;2020;3121002;1;1;560;13.2;1;Water;NA;NA;Male;21.8807904652087;NA;20.1008064077102;NA
1374;23/05/2020;2020;3121002;4;1;770;18.5;2;Water;0.0530756218530891;6;Male;143.650478784713;121.769688319505;25.3242160396891;22.7125112236996
1914;17/05/2020;2020;3121003;0;0;500;11.1;1;Malarone;NA;NA;Male;7.17079558902338;NA;17.9971699149479;NA
1914;23/05/2020;2020;3121003;1;1;650;16.9;2;Malarone;0.0437273774112485;6;Male;47.2942848962573;40.1234893072339;23.6710475320114;20.8341087234797
1914;17/05/2020;2020;3121004;2;1;640;14.1;1;Water;NA;NA;Female;8.78569844891604;NA;20.1112177991204;NA
1914;23/05/2020;2020;3121004;1;0;780;19.4;2;Water;0.0329709572216533;6;Female;48.4089944088832;39.6232959599672;25.4582706811284;22.7847442401244
1914;17/05/2020;2020;3121005;0;0;600;13.5;1;Control;NA;NA;Female;-17.5354676629893;NA;19.5377437332906;NA
1914;23/05/2020;2020;3121005;1;1;820;19;2;Control;0.0520624475070254;6;Female;94.9626400416466;112.498107704636;25.0146104241791;22.2761770787348
1156;22/05/2020;2020;3121006;0;0;470;9.3;1;Malarone;NA;NA;Female;-30.3053837510849;NA;15.1191383936455;NA
1156;29/05/2020;2020;3121006;0;0;670;16.7;2;Malarone;0.0506492882401296;7;Female;-14.4491353720148;15.8562483790701;22.6200869235876;18.8696126586165
1156;22/05/2020;2020;3121007;0;0;355;8.2;1;Water;NA;NA;Female;-105.708038901327;NA;13.7145863383443;NA
1156;29/05/2020;2020;3121007;3;1;620;15.2;2;Water;0.0796573840805316;7;Female;-34.8445184208524;70.8635204804744;21.1606037948556;17.4375950666
2165B;22/05/2020;2020;3121008;0;0;490;9.6;1;Control;NA;NA;Female;-20.2923689751357;NA;15.4775718284258;NA
2165B;29/05/2020;2020;3121008;2;1;695;16.4;2;Control;0.0499294934943028;7;Female;16.2530802049123;36.545449180048;22.3235898926707;18.9005808605483
2165B;22/05/2020;2020;3121009;0;0;460;8.9;1;Control;NA;NA;Female;-26.4761848447417;NA;14.6256981967773;NA
2165B;29/05/2020;2020;3121009;0;0;710;15.4;2;Control;0.0620054972217458;7;Female;51.0434803825258;77.5196652272675;21.3524698632188;17.989084029998
2165B;22/05/2020;2020;3121010;0;0;375;7.1;1;Control;NA;NA;Female;-40.3984943069441;NA;12.139825048259;NA
2165B;29/05/2020;2020;3121010;0;0;580;13.7;2;Control;0.062300296795722;7;Female;-42.1614865072377;-1.76299220029358;19.7293298063472;15.9345774273031
2364C;22/05/2020;2020;3121011;0;0;500;12.2;1;Malarone;NA;NA;Male;-17.5273533715847;NA;19.1221491820423;NA
2364C;29/05/2020;2020;3121011;0;0;665;18.9;2;Malarone;0.0407398488905232;7;Male;33.0592195951881;50.5865729667728;25.7567656319634;22.4394574070028
2364C;22/05/2020;2020;3121012;0;0;460;9.4;1;Water;NA;NA;Female;-43.669732529027;NA;15.2396810624017;NA
2364C;29/05/2020;2020;3121012;0;0;595;15.7;2;Water;0.0367621308660699;7;Female;-70.0254592232523;-26.3557266942252;21.6414955011193;18.4405882817605
2364C;22/05/2020;2020;3121013;0;0;260;6.8;1;Control;NA;NA;Male;-104.746438235331;NA;12.5273025895843;NA
2364C;29/05/2020;2020;3121013;2;1;300;11.2;2;Control;0.0204429776629533;7;Male;-195.173447929113;-90.4270096937822;18.1022541036704;15.3147783466274
2.26E+04;23/05/2020;2020;3121014;2;1;550;11.8;1;Malarone;NA;NA;Female;-25.1983026645917;NA;17.8686702916566;NA
2.26E+04;30/05/2020;2020;3121014;0;0;830;18.5;2;Malarone;0.0587867746520181;7;Female;113.351500174491;138.549802839083;24.4725635095102;21.1706169005834
2.26E+04;23/05/2020;2020;3121015;0;0;530;11.6;1;Control;NA;NA;Male;25.6543337633171;NA;18.5165190929656;NA
2.26E+04;30/05/2020;2020;3121015;0;0;800;17.3;2;Control;0.0588192458745371;7;Male;191.179821278022;165.525487514704;24.0740352048888;21.2952771489272
1427;24/05/2020;2020;3121018;1;1;800;20.5;1;Water;NA;NA;Male;146.818592258873;NA;27.5797354070733;NA
1427;31/05/2020;2020;3121018;0;0;850;26.3;2;Water;0.00866066025949069;7;Male;131.696970820862;-15.1216214380108;35.6329042216818;31.6063198143775
1427;24/05/2020;2020;3121019;2;1;820;21.8;1;Malarone;NA;NA;Male;150.747535002084;NA;29.1822190927849;NA
1427;31/05/2020;2020;3121019;0;0;870;26.6;2;Malarone;0.00845555305576152;7;Male;148.73231068053;-2.01522432155389;36.1101823152252;32.6462007040051
2347C;29/05/2020;2020;3121027;4;1;480;12.3;1;Water;NA;NA;Male;-39.6610909368173;NA;19.2215260477066;NA
2347C;04/06/2020;2020;3121027;4;1;395;16.6;2;Water;-0.0324833898334691;6;Male;-203.024132038682;-163.363041101865;23.3725906463502;21.2970583470284
2347C;29/05/2020;2020;3121028;4;1;580;13.7;1;Malarone;NA;NA;Female;-42.1614865072377;NA;19.7293298063472;NA
2347C;04/06/2020;2020;3121028;3;1;710;19.1;2;Malarone;0.033706144415816;6;Female;-16.6886163075508;25.4728701996869;25.1246674281399;22.4269986172435
1817;05/06/2020;2020;3121040;3;1;565;15.1;1;Water;NA;NA;Male;-8.26923505348896;NA;21.9165243150605;NA
1817;13/06/2020;2020;3121040;3;1;790;21.8;2;Water;0.0419009017893283;8;Male;120.747535002084;129.016770055573;29.1822190927849;25.5493717039227
1817;05/06/2020;2020;3121041;3;1;725;16.7;1;Malarone;NA;NA;Female;40.5508646279852;NA;22.6200869235876;NA
1817;13/06/2020;2020;3121041;2;1;900;24.4;2;Malarone;0.0270278885587045;8;Female;96.2763916649096;55.7255270369244;31.8888910898537;27.2544890067206
1817;05/06/2020;2020;3121042;0;0;710;17.2;1;Control;NA;NA;Female;16.271029073461;NA;23.1210606173476;NA
1817;13/06/2020;2020;3121042;2;1;870;24.4;2;Control;0.0254035302016585;8;Female;66.2763916649096;50.0053625914486;31.8888910898537;27.5049758536006
681;06/06/2020;2020;3121045;4;1;700;16.6;1;Water;NA;NA;Female;17.4401412512439;NA;22.5209381161714;NA
681;13/06/2020;2020;3121045;0;0;880;22.9;2;Water;0.0326916532041211;7;Female;96.2342643546974;78.7941231034536;29.7778850277676;26.1494115719695
342;23/05/2020;2020;3121051;0;0;555;13.4;1;Water;NA;NA;Male;12.9501690234433;NA;20.2933795605245;NA
342;29/05/2020;2020;3121051;1;1;750;19.3;2;Water;0.0501841821306536;6;Male;112.585063490627;99.6348944671838;26.1981428675101;23.2457612140173
342;23/05/2020;2020;3121052;0;0;540;12.8;1;Control;NA;NA;Female;-60.78668084684;NA;18.8613187243787;NA
342;29/05/2020;2020;3121052;0;0;810;19.2;2;Control;0.0675775180180274;6;Female;81.668750131103;142.455430977943;25.2352916267815;22.0483051755801
342;23/05/2020;2020;3121053;0;0;595;14.4;1;Malarone;NA;NA;Female;-42.8369379971928;NA;20.3970630586248;NA
342;29/05/2020;2020;3121053;0;0;830;20.5;2;Malarone;0.0554773825408356;6;Female;81.0602386674111;123.897176664604;26.7280828768945;23.5625729677596
585;23/05/2020;2020;3121054;3;1;705;17.3;1;Malarone;NA;NA;Female;9.44746679440959;NA;23.2223826747099;NA
585;29/05/2020;2020;3121054;0;0;870;22.7;2;Malarone;0.0350492348060601;6;Female;88.9936119798178;79.5461451854082;29.5083886887176;26.3653856817138
585;23/05/2020;2020;3121055;0;0;600;15.2;1;Water;NA;NA;Female;-54.8445184208524;NA;21.1606037948556;NA
585;29/05/2020;2020;3121055;1;1;800;20.3;2;Water;0.0479470120752968;6;Female;54.1442203516799;108.988738772532;26.4915453281237;23.8260745614897
585;23/05/2020;2020;3121056;2;1;430;13;1;Control;NA;NA;Male;-104.128576291542;NA;19.907388088187;NA
585;29/05/2020;2020;3121056;1;1;520;17.5;2;Control;0.0316739338146441;6;Male;-91.8245957108493;12.3039805806932;24.2778961262756;22.0926421072313
778E;23/05/2020;2020;3121057;0;0;690;14.7;1;Water;NA;NA;Male;123.748136752821;NA;21.5345805875026;NA
778E;29/05/2020;2020;3121057;2;1;770;20.1;2;Water;0.0182831528760708;6;Male;121.969131328873;-1.77900542394832;27.1092284049524;24.3219044962275
778E;23/05/2020;2020;3121058;2;1;510;11.3;1;Malarone;NA;NA;Female;-51.5787030506926;NA;17.3550558912538;NA
778E;29/05/2020;2020;3121058;2;1;840;17.2;2;Malarone;0.0831651943531646;6;Female;146.271029073461;197.849732124154;23.1210606173476;20.2380582543007
2239A;23/05/2020;2020;3121061;0;0;450;12.1;1;Malarone;NA;NA;Male;-65.3760539828356;NA;19.0223615539233;NA
2239A;30/05/2020;2020;3121061;1;1;680;18.4;2;Malarone;0.0589778879151124;7;Male;55.0671836090949;120.44323759193;25.2173975723408;22.119879563132
2239A;23/05/2020;2020;3121062;2;1;510;9.8;1;Water;NA;NA;Female;-6.77844643833737;NA;15.7113776418324;NA
2239A;30/05/2020;2020;3121062;0;0;770;16.1;2;Water;0.0588542555899083;7;Female;97.0605733801917;103.839019818529;22.0297519428793;18.8705647923559
1541;23/05/2020;2020;3121063;1;1;560;11.2;1;Malarone;NA;NA;Male;64.8265520708869;NA;18.1022541036704;NA
1541;30/05/2020;2020;3121063;1;1;735;17.7;2;Malarone;0.0388476736405203;7;Male;120.205129141456;55.3785770705691;24.4834507651292;21.2928524343998
1541;23/05/2020;2020;3121064;0;0;505;9.8;1;Water;NA;NA;Female;-11.7784464383374;NA;15.7113776418324;NA
1541;30/05/2020;2020;3121064;0;0;780;17;2;Water;0.0621050700583254;7;Female;89.9501775896463;101.728624027984;22.9195781138311;19.3154778778318
2235B;23/05/2020;2020;3121066;0;0;705;14.3;1;Water;NA;NA;Female;69.3551517950102;NA;20.3018013400238;NA
2235B;30/05/2020;2020;3121066;1;1;830;21;2;Water;0.0233182711397678;7;Female;73.4800257978536;4.1248740028434;27.3309100564229;23.8163556982233
2235B;23/05/2020;2020;3121067;0;0;700;17.1;1;Control;NA;NA;Male;94.2191741309084;NA;23.871782038893;NA
2235B;30/05/2020;2020;3121067;1;1;760;23.3;2;Control;0.0117482997481389;7;Male;73.3543303460142;-20.8648437848942;31.1770183370801;27.5244001879866
2235B;23/05/2020;2020;3121068;0;0;765;17.1;1;Malarone;NA;NA;Female;73.1052244287951;NA;23.0201295087141;NA
2235B;30/05/2020;2020;3121068;1;1;880;22.8;2;Malarone;0.020006581949388;7;Female;97.6109125570908;24.5056881282958;29.6427831227592;26.3314563157367
1168;23/05/2020;2020;3121069;0;0;660;14.8;1;Control;NA;NA;Male;91.9760526755815;NA;21.6299499615509;NA
1168;27/05/2020;2020;3121069;2;1;590;16.2;2;Control;-0.0280293245301765;4;Male;-1.64865986787527;-93.6247125434568;22.9790763396617;22.3045131506063
1168;23/05/2020;2020;3121070;1;1;555;13.9;1;Control;NA;NA;Male;3.37468799734597;NA;20.772092899238;NA
1168;27/05/2020;2020;3121070;2;1;695;17.6;2;Control;0.0562359329545894;4;Male;81.6860475517669;78.311359554421;24.380456480819;22.5762746900285
1168;23/05/2020;2020;3121071;0;0;360;10;1;Control;NA;NA;Male;-105.551437479342;NA;16.7929576616151;NA
1168;27/05/2020;2020;3121071;1;1;620;14.6;2;Control;0.135903861647245;4;Male;55.5323170607232;161.083754540065;21.4392625214548;19.1161100915349
2331C;24/05/2020;2020;3121072;0;0;505;8.7;1;Malarone;NA;NA;Female;25.673295912894;NA;14.3718376446499;NA
2331C;30/05/2020;2020;3121072;0;0;710;14.6;2;Malarone;0.0567844234600002;6;Female;67.8241847688091;42.1508888559151;20.5876099912759;17.4797238179629
2331C;24/05/2020;2020;3121073;0;0;425;8.1;1;Water;NA;NA;Male;14.5271207401369;NA;14.43068850844;NA
2331C;30/05/2020;2020;3121073;0;0;630;13.9;2;Water;0.0656051084101936;6;Male;78.374687997346;63.8475672572091;20.772092899238;17.601390703839
2331C;24/05/2020;2020;3121074;0;0;340;6.1;1;Control;NA;NA;Male;3.64842723642727;NA;11.3788034131205;NA
2331C;30/05/2020;2020;3121074;0;0;490;10.8;2;Control;0.0609099622490775;6;Male;4.33237782669522;0.683950590267955;17.6779072612593;14.5283553371899
1611;24/05/2020;2020;3121075;0;0;450;9.2;1;Water;NA;NA;Male;6.24296421710693;NA;15.8491481109235;NA
1611;30/05/2020;2020;3121075;1;1;600;15.2;2;Water;0.0479470120752968;6;Male;25.0054689120368;18.7625046949299;22.0122563250345;18.930702217979
1611;24/05/2020;2020;3121076;1;1;615;10.6;1;Malarone;NA;NA;Male;134.218153726367;NA;17.4614894627407;NA
1611;30/05/2020;2020;3121076;2;1;740;15.8;2;Malarone;0.0308379863986163;6;Male;154.886215509709;20.6680617833419;22.5898746592983;20.0256820610195
2.26E+04;24/05/2020;2020;3121077;0;0;545;11.5;1;Water;NA;NA;Male;42.9173903262389;NA;18.413818417567;NA
2.26E+04;29/05/2020;2020;3121077;0;0;670;16.8;2;Water;0.0412983835443535;5;Male;68.8455143763165;25.9281240500775;23.5712210761439;20.9925197468555
2.26E+04;24/05/2020;2020;3121078;0;0;485;9.7;1;Malarone;NA;NA;Male;27.4100328223699;NA;16.4466248966264;NA
2.26E+04;29/05/2020;2020;3121078;0;0;625;15.3;2;Malarone;0.0507205517597837;5;Male;48.2914863755284;20.8814535531585;22.1081173655328;19.2773711310796
2.26E+04;24/05/2020;2020;3121079;0;0;625;13.9;1;Malarone;NA;NA;Male;73.374687997346;NA;20.772092899238;NA
2.26E+04;30/05/2020;2020;3121079;1;1;820;18.9;2;Malarone;0.0452587817536496;6;Male;188.059219595188;114.684531597842;25.7567656319634;23.2644292656007
2.26E+04;24/05/2020;2020;3121080;1;1;650;12.3;1;Water;NA;NA;Female;61.7473920766163;NA;18.3698735175277;NA
2.26E+04;30/05/2020;2020;3121080;1;1;850;16.6;2;Water;0.0447106644324466;6;Female;167.440141251244;105.692749174628;22.5209381161714;20.4454058168495
1230E;24/05/2020;2020;3121081;NA;NA;390;8.1;1;Control;NA;NA;Male;-20.4728792598631;NA;14.43068850844;NA
1230E;30/05/2020;2020;3121081;0;0;620;13.2;2;Control;0.0772621231525742;6;Male;81.8807904652087;102.353669725072;20.1008064077102;17.2657474580751
1230E;24/05/2020;2020;3121082;0;0;325;6.8;1;Control;NA;NA;Male;-39.7464382353309;NA;12.5273025895843;NA
1230E;30/05/2020;2020;3121082;1;1;560;12.8;2;Control;0.0906852668999096;6;Male;29.923929694382;69.6703679297129;19.7129712545576;16.120136922071
1230E;24/05/2020;2020;3121083;0;0;200;5;1;Control;NA;NA;Female;-105.09460213432;NA;8.51472683406312;NA
1230E;30/05/2020;2020;3121083;0;0;340;7.7;2;Control;0.0884380418436951;6;Female;-100.917638723713;4.1769634106069;13.022207012282;10.7684669231726
1103E;24/05/2020;2020;3121088;0;0;355;6.5;1;Water;NA;NA;Female;-32.6248528738441;NA;11.1950339299346;NA
1103E;30/05/2020;2020;3121088;0;0;580;12;2;Water;0.0818183856775082;6;Female;-0.485210512636741;32.1396423612073;18.0704896038143;14.6327617668745
1103E;24/05/2020;2020;3121089;0;0;435;7.8;1;Malarone;NA;NA;Female;-9.97658035839987;NA;13.1636668958921;NA
1103E;30/05/2020;2020;3121089;0;0;690;13.1;2;Malarone;0.0768909277504368;6;Female;81.9258053018239;91.9023856602237;19.1525598743628;16.1581133851274
2259A;29/05/2020;2020;3121091;3;1;790;18.4;1;Malarone;NA;NA;Female;75.0564561759404;NA;24.3657450421619;NA
2259A;06/06/2020;2020;3121091;1;1;920;23.6;2;Malarone;0.0190425905727524;8;Female;126.762816441647;51.706360265707;30.7433886965947;27.5545668693783
2259A;29/05/2020;2020;3121092;2;1;690;18.8;1;Malarone;NA;NA;Male;59.4458615751848;NA;25.6478202821327;NA
2259A;06/06/2020;2020;3121092;2;1;730;25.1;2;Malarone;0.00704411706889147;8;Male;23.9037679126684;-35.5420936625164;33.7788285613217;29.7133244217272
2259A;29/05/2020;2020;3121093;4;1;665;17.1;1;Water;NA;NA;Female;-26.8947755712049;NA;23.0201295087141;NA
2259A;06/06/2020;2020;3121093;3;1;750;22.9;2;Water;0.0150357707343128;8;Female;-33.7657356453026;-6.87096007409764;29.7778850277676;26.3990072682409
2259A;29/05/2020;2020;3121094;4;1;435;12.4;1;Control;NA;NA;Male;-86.7775510852332;NA;19.3205129843852;NA
2259A;06/06/2020;2020;3121094;4;1;510;18.9;2;Control;0.0198830868287109;8;Male;-121.940780404812;-35.1632293195787;25.7567656319634;22.5386393081743
2265E;29/05/2020;2020;3121096;3;1;725;15.3;1;Malarone;NA;NA;Female;68.0927619767947;NA;21.256464835354;NA
2265E;06/06/2020;2020;3121096;1;1;770;22.2;2;Malarone;0.00752735749913183;8;Female;-4.0002273100647;-72.0929892868594;28.8470124423278;25.0517386388409
2265E;29/05/2020;2020;3121097;4;1;705;15.4;1;Water;NA;NA;Female;46.0434803825258;NA;21.3524698632188;NA
2265E;06/06/2020;2020;3121097;3;1;810;22.5;2;Water;0.017354555606777;8;Female;31.7773789278053;-14.2661014547205;29.2417209765479;25.2970954198834
2265E;29/05/2020;2020;3121098;0;0;510;11.7;1;Control;NA;NA;Male;3.41070281819708;NA;18.618679891457;NA
2265E;06/06/2020;2020;3121098;1;1;630;18.9;2;Control;0.0264136367084009;8;Male;-1.9407804048119;-5.35148322300898;25.7567656319634;22.1877227617102
1102E;29/05/2020;2020;3121101;4;1;860;16.5;1;Malarone;NA;NA;Female;179.340833512478;NA;22.4221099093003;NA
1102E;06/06/2020;2020;3121101;2;1;980;23.4;2;Malarone;0.016327522802133;8;Female;189.439969725782;10.0991362133045;30.4640021898015;26.4430560495509
1102E;29/05/2020;2020;3121102;1;1;795;15.5;1;Water;NA;NA;Female;134.00746283971;NA;21.4486336394046;NA
1102E;06/06/2020;2020;3121102;3;1;940;22.5;2;Water;0.0209422200762147;8;Female;161.777378927805;27.7699160880954;29.2417209765479;25.3451773079763
1102E;29/05/2020;2020;3121103;3;1;570;12.2;1;Control;NA;NA;Male;52.4726466284153;NA;19.1221491820423;NA
1102E;06/06/2020;2020;3121103;3;1;720;19.1;2;Control;0.0292018563976881;8;Male;85.3078110294355;32.8351644010202;25.9763199583187;22.5492345701805
2016E;29/05/2020;2020;3121108;2;1;765;15.7;1;Water;NA;NA;Female;99.9745407767477;NA;21.6414955011193;NA
2016E;06/06/2020;2020;3121108;3;1;960;23.2;2;Water;0.0283821813294183;8;Female;172.140103147429;72.1655623706811;30.1874352830286;25.9144653920739
2016E;29/05/2020;2020;3121109;3;1;615;14.3;1;Malarone;NA;NA;Male;55.9591154567108;NA;21.1534538702027;NA
2016E;06/06/2020;2020;3121109;2;1;790;21.2;2;Malarone;0.0313013347068187;8;Male;128.042373118355;72.0832576616444;28.4283746250018;24.7909142476022
273;30/05/2020;2020;3121121;3;1;390;6.9;1;Water;NA;NA;Male;21.4377071305487;NA;12.6838124321117;NA
273;06/06/2020;2020;3121121;2;1;650;13.2;2;Water;0.0729750891094273;7;Male;111.880790465209;90.4430833346601;20.1008064077102;16.3923094199109
273;30/05/2020;2020;3121122;1;1;540;10.4;1;Malarone;NA;NA;Female;4.52910776989597;NA;16.3903359834888;NA
273;06/06/2020;2020;3121122;1;1;860;17.3;2;Malarone;0.0664804642413191;7;Female;164.44746679441;159.918359024514;23.2223826747099;19.8063593290994
2048E;31/05/2020;2020;3121136;1;1;655;16.3;1;Malarone;NA;NA;Male;61.7428341315751;NA;23.07701799027;NA
2048E;12/06/2020;2020;3121136;1;1;790;25.7;2;Malarone;0.0156164758188179;12;Male;77.7291169956006;15.9862828640255;34.6945375243529;28.8857777573115
1860;06/06/2020;2020;3121138;NA;NA;530;15.9;1;Water;NA;NA;Male;-56.7628839682029;NA;22.6868171205618;NA
1860;13/06/2020;2020;3121138;3;1;645;21.1;2;Water;0.0280533300356579;7;Male;-15.7217787154466;41.0411052527563;28.3051304455088;25.4959737830353
2263A;06/06/2020;2020;3121141;0;0;600;12.9;1;Water;NA;NA;Male;67.8898229289882;NA;19.8103141922777;NA
2263A;13/06/2020;2020;3121141;3;1;685;19.4;2;Water;0.0189270261494398;7;Male;46.2342522143579;-21.6555707146304;26.3099232113073;23.0601187017925
2263A;06/06/2020;2020;3121142;4;1;495;10.3;1;Malarone;NA;NA;Male;21.7224414021626;NA;17.1310213263497;NA
2263A;13/06/2020;2020;3121142;2;1;665;16.2;2;Malarone;0.0421756111553091;7;Male;73.3513401321247;51.6288987299621;22.9790763396617;20.0550488330057
1861;17/06/2020;2020;3121198;3;1;725;24.9;1;Control;NA;NA;Female;-85.1044277708129;NA;32.6271659698363;NA
1861;21/06/2020;2020;3121198;3;1;800;28.2;2;Control;0.0246100182033131;4;Female;-49.2531824448449;35.851245325968;37.8856888888866;35.2564274293614
1861;17/06/2020;2020;3121199;3;1;910;26.3;1;Control;NA;NA;Female;82.688585388589;NA;34.7812516915029;NA
1861;21/06/2020;2020;3121199;3;1;970;29;2;Control;0.0159628679966332;4;Female;111.947261609928;29.2586762213386;39.2430009040775;37.0121262977902
1810;19/06/2020;2020;3121200;4;1;805;19.1;1;Malarone;NA;NA;Male;170.307811029435;NA;25.9763199583187;NA
1810;26/06/2020;2020;3121200;1;1;820;24.9;2;Malarone;0.00263743754853362;7;Male;115.994830266747;-54.3129807626881;33.4788185000151;29.7275692291669
3061B;07/06/2020;2020;3121208;3;1;580;14.9;1;Malarone;NA;NA;Male;10.2159019149467;NA;21.7253865798797;NA
3061B;13/06/2020;2020;3121208;1;1;675;20.6;2;Malarone;0.0252807645553441;6;Male;20.5466607941503;10.3307588792036;27.6989795112525;24.7121830455661
3061B;07/06/2020;2020;3121209;0;0;450;11.4;1;Water;NA;NA;Male;-49.7997881745214;NA;18.3105556605791;NA
3061B;13/06/2020;2020;3121209;3;1;610;16.4;2;Water;0.0507018957338319;6;Male;15.1441661497411;64.9439543242625;23.1752424228496;20.7428990417143
21392;07/06/2020;2020;3121210;2;1;620;18;1;Malarone;NA;NA;Male;0.812061022385251;NA;24.7951387726273;NA
21392;13/06/2020;2020;3121210;1;1;760;23;2;Malarone;0.0339331592068733;6;Male;76.7416097182268;75.9295486958415;30.765347003309;27.7802428879682
21392;07/06/2020;2020;3121211;0;0;430;13.6;1;Water;NA;NA;Male;-115.922218843343;NA;20.4852577598264;NA
21392;13/06/2020;2020;3121211;0;0;605;18.4;2;Water;0.0569072082238722;6;Male;-19.9328163909051;95.9894024524378;25.2173975723408;22.8513276660836
2264D;07/06/2020;2020;3121212;3;1;720;19.6;1;Malarone;NA;NA;Male;78.5533938393796;NA;26.5352563045647;NA
2264D;13/06/2020;2020;3121212;1;1;740;24.4;2;Malarone;0.00456649569801906;6;Male;41.2968660204031;-37.2565278189766;32.7405436200325;29.6378999622986
1934;09/06/2020;2020;3121226;3;1;860;19.5;1;Malarone;NA;NA;Female;126.791697210338;NA;25.5706395836252;NA
1934;16/06/2020;2020;3121226;1;1;920;25.2;2;Malarone;0.00963446868507607;7;Female;106.128298313298;-20.6633988970405;33.0781724428464;29.3244060132358
1934;09/06/2020;2020;3121227;4;1;620;15.8;1;Water;NA;NA;Male;34.8862155097092;NA;22.5898746592983;NA
1934;16/06/2020;2020;3121227;3;1;690;21.6;2;Water;0.0152817313645954;7;Male;23.1565972186829;-11.7296182910263;28.9281796000379;25.7590271296681
1988E;09/06/2020;2020;3121228;1;1;880;21.1;1;Water;NA;NA;Female;121.985659034046;NA;27.4534779153299;NA
1988E;16/06/2020;2020;3121228;1;1;915;26.6;2;Water;0.00557173682903845;7;Female;84.1207178896379;-37.8649411444085;35.2585297850463;31.3560038501881
1988E;09/06/2020;2020;3121229;1;1;640;15.5;1;Malarone;NA;NA;Male;59.8968750238989;NA;22.3002861695834;NA
1988E;16/06/2020;2020;3121229;1;1;670;21.5;2;Malarone;0.00654421943304203;7;Male;4.36950612467831;-55.5273688992206;28.8021981023179;25.5512421359506
1196;12/06/2020;2020;3121254;2;1;650;12.7;1;Control;NA;NA;Female;51.6804973863193;NA;18.7636870867044;NA
1196;23/06/2020;2020;3121254;2;1;820;23.6;2;Control;0.0211210888516924;11;Female;26.7628164416474;-24.9176809446719;30.7433886965947;24.7535378916496
1810;19/06/2020;2020;3121257;2;1;680;17.9;1;Water;NA;NA;Male;62.2682285780581;NA;24.6907819493241;NA
1810;26/06/2020;2020;3121257;1;1;760;24;2;Water;0.0158893764443178;7;Male;65.6173181089434;3.34908953088529;32.1622313819997;28.4265066656619
1847;15/06/2020;2020;3121263;3;1;790;21.9;1;Water;NA;NA;Female;20.2796157467524;NA;28.4586292018215;NA
1847;22/06/2020;2020;3121263;3;1;870;27.2;2;Water;0.0137800380267946;7;Female;32.1041382333863;11.8245224866339;36.2283328156158;32.3434810087186
1847;15/06/2020;2020;3121264;0;0;510;15.7;1;Malarone;NA;NA;Male;-73.4542144693758;NA;22.4931480312981;NA
1847;22/06/2020;2020;3121264;2;1;630;20.9;2;Malarone;0.0301870133810296;7;Male;-28.232413230578;45.2218012387978;28.0606674529174;25.2769077421077
2229;15/06/2020;2020;3121268;3;1;780;24.6;1;Control;NA;NA;Female;-26.2914888171447;NA;32.1821684469016;NA
2229;21/06/2020;2020;3121268;2;1;900;28.7;2;Control;0.0238501406067789;6;Female;45.2183165154024;71.5098053325471;38.7311311429765;35.456649794939
2229;15/06/2020;2020;3121269;3;1;650;22.6;1;Control;NA;NA;Male;-28.6726340594591;NA;30.2263539905469;NA
2229;21/06/2020;2020;3121269;3;1;670;27.2;2;Control;0.00505089158255481;6;Male;-57.097999451355;-28.4253653918959;37.0799853457946;33.6531696681707
2196B;16/06/2020;2020;3121274;1;1;630;20.5;1;Water;NA;NA;Male;-23.181407741127;NA;27.5797354070733;NA
2196B;23/06/2020;2020;3121274;3;1;790;26.2;2;Water;0.0323304465822127;7;Male;72.6927106925593;95.8741184336864;35.4749891024772;31.5273622547753
2196B;16/06/2020;2020;3121275;0;0;595;18.4;1;Malarone;NA;NA;Male;-29.9328163909051;NA;25.2173975723408;NA
2196B;23/06/2020;2020;3121275;2;1;750;24.4;2;Malarone;0.0330731144263895;7;Male;51.2968660204031;81.2296824113082;32.7405436200325;28.9789705961867
1124E;16/06/2020;2020;3121280;3;1;610;20.2;1;Water;NA;NA;Male;-39.3280494983317;NA;27.225894676446;NA
1124E;23/06/2020;2020;3121280;3;1;660;25.7;2;Water;0.0112544111218735;7;Male;-52.2708830043994;-12.9428335060677;34.6945375243529;30.9602161003994
NA;27/05/2016;2016;3414579;1;1;485;11.8;1;Control;NA;NA;Male;-23.8138331639738;NA;18.7203228218355;NA
NA;07/06/2016;2016;3414579;0;0;685;21.5;2;Control;0.031388177029522;11;Male;19.3695061246783;43.1833392886521;28.8021981023179;23.7612604620767
NA;27/05/2016;2016;3414580;0;0;390;9.7;1;Control;NA;NA;Male;-67.5899671776301;NA;16.4466248966264;NA
NA;07/06/2016;2016;3414580;0;0;510;18;2;Control;0.0243876351449709;11;Male;-109.187938977615;-41.5979717999847;24.7951387726273;20.6208818346269
NA;07/06/2016;2016;3414613;1;1;745;22.7;1;Control;NA;NA;Male;65.1733622990787;NA;30.3600412188965;NA
NA;17/06/2016;2016;3414613;NA;NA;740;29.8;2;Control;-0.000673403218134407;10;Male;-10.9598786930655;-76.1332409921442;41.4737460053439;35.9168936121202
NA;07/06/2016;2016;3414614;0;0;650;19.8;1;Control;NA;NA;Male;5.89975277063854;NA;26.7629964896977;NA
NA;17/06/2016;2016;3414614;0;0;660;26.9;2;Control;0.00152674721307884;10;Male;-64.1991002339194;-70.0988530045579;36.5926108219788;31.6778036558382
NA;03/06/2016;2016;3414627;0;0;305;5.5;1;Control;NA;NA;Female;-30.0757165717045;NA;9.46309465565075;NA
NA;24/06/2016;2016;3414627;4;1;780;24.1;2;Control;0.0447134353845822;21;Female;-19.8320500982693;10.2436664734352;31.4541197967949;20.4586072262228
NA;03/06/2016;2016;3414628;0;0;445;9.8;1;Control;NA;NA;Male;-15.2708255526083;NA;16.5630301720113;NA
NA;24/06/2016;2016;3414628;3;1;735;26.9;2;Control;0.0238950579545998;21;Male;10.8008997660806;26.0717253186889;36.5926108219788;26.577820496995
NA;03/06/2016;2016;3414636;0;0;355;7.2;1;Control;NA;NA;Male;-24.6865844787346;NA;13.1426951173687;NA
NA;28/06/2016;2016;3414636;0;0;780;29.2;2;Control;0.0314870452083289;25;Male;34.3565364527112;59.0431209314458;40.4376261627459;26.7901606400573
NA;03/06/2016;2016;3414637;0;0;320;5.7;1;Control;NA;NA;Female;-26.3113256553871;NA;9.82643147909934;NA
NA;28/06/2016;2016;3414637;1;1;970;28.6;2;Control;0.0443590030281463;25;Female;116.316270901249;142.627596556636;38.5612453090653;24.1938383940823
NA;03/06/2016;2016;3414640;1;1;630;14.7;1;Control;NA;NA;Female;-14.3230154603941;NA;20.6829280573237;NA
NA;20/06/2016;2016;3414640;NA;NA;695;26.8;2;Control;0.00577600153995375;17;Female;-138.235574867188;-123.912559406794;35.5795888119811;28.1312584346524
NA;04/06/2016;2016;3414641;3;1;595;14.5;1;Control;NA;NA;Female;-45.0138574963112;NA;20.4923271010613;NA
NA;20/06/2016;2016;3414641;3;1;800;28.2;2;Control;0.0185031451326436;16;Female;-49.2531824448449;-4.23932494853375;37.8856888888866;29.1890079949739
NA;04/06/2016;2016;3414644;1;1;535;12.1;1;Control;NA;NA;Female;-48.0957119028501;NA;18.1707090237445;NA
NA;22/06/2016;2016;3414644;4;1;725;27.4;2;Control;0.0168836059977038;18;Female;-115.200367400999;-67.1046554981485;36.55588883317;27.3632989284572
NA;05/06/2016;2016;3414650;0;0;380;8.5;1;Control;NA;NA;Male;-43.072012126199;NA;14.9645760546805;NA
NA;28/06/2016;2016;3414650;1;1;665;27.8;2;Control;0.0243311212145836;23;Male;-67.801092610666;-24.729080484467;38.0686755255594;26.51662579012
NA;03/06/2016;2016;3414672;0;0;290;5.8;1;Control;NA;NA;Female;-61.7821350650492;NA;10.0048053346587;NA
NA;28/06/2016;2016;3414672;1;1;830;28.3;2;Control;0.042061791112405;25;Female;-20.3666831197227;41.4154519453265;38.0539581559788;24.0293817453188
NA;03/06/2016;2016;3414673;0;0;215;4.7;1;Control;NA;NA;Female;-70.6308516352661;NA;7.9168761208368;NA
NA;28/06/2016;2016;3414673;1;1;780;26.9;2;Control;0.051546235662239;25;Female;-54.4071352984718;16.2237163367943;35.7409582917999;21.8289172063183
NA;03/06/2016;2016;3414677;0;0;440;9.2;1;Control;NA;NA;Male;-3.75703578289307;NA;15.8491481109235;NA
NA;23/06/2016;2016;3414677;1;1;830;27.1;2;Control;0.0317325486939168;20;Male;103.864732392882;107.621768175775;36.9169908837427;26.3830694973331
NA;03/06/2016;2016;3414680;0;0;295;7;1;Control;NA;NA;Male;-77.3232412119692;NA;12.8385270232263;NA
NA;23/06/2016;2016;3414680;0;0;635;24.1;2;Control;0.0383324821276436;20;Male;-60.4695084058114;16.8537328061577;32.3057723269737;22.5721496751
NA;03/06/2016;2016;3414681;0;0;405;7.8;1;Control;NA;NA;Male;4.3917405127674;NA;14.0153194260709;NA
NA;23/06/2016;2016;3414681;0;0;745;24.9;2;Control;0.030474857563651;20;Male;40.9948302667474;36.60308975398;33.4788185000151;23.747068963043
NA;04/06/2016;2016;3414706;0;0;560;10.5;1;Control;NA;NA;Female;21.5189066916146;NA;16.5004839091375;NA
NA;22/06/2016;2016;3414706;NA;NA;880;25.9;2;Control;0.0251102846523921;18;Female;57.5095780224822;35.9906713308676;34.1532162216726;25.326850065405
NA;04/06/2016;2016;3414707;0;0;640;11.4;1;Control;NA;NA;Female;75.6497934508518;NA;17.4589031304003;NA
NA;22/06/2016;2016;3414707;0;0;870;25.7;2;Control;0.0170569464052729;18;Female;49.9480678476339;-25.7017256032179;33.842884994174;25.6508940622871
NA;05/06/2016;2016;3414718;0;0;470;9.1;1;Control;NA;NA;Female;-23.4667750258528;NA;14.8747259136031;NA
NA;23/06/2016;2016;3414718;3;1;845;24.3;2;Control;0.032589107369615;18;Female;42.5682358303982;66.0350108562509;31.7432784909062;23.3090022022546
NA;05/06/2016;2016;3414719;3;1;580;12.1;1;Control;NA;NA;Male;64.6239460171644;NA;19.0223615539233;NA
NA;23/06/2016;2016;3414719;4;1;760;26.4;2;Control;0.0150161294299951;18;Male;40.7050098571967;-23.9189361599676;35.7914126873075;27.4068871206154
NA;05/06/2016;2016;3414720;0;0;370;6.3;1;Control;NA;NA;Female;-7.79393989918009;NA;10.865065820603;NA
NA;29/06/2016;2016;3414720;1;1;880;27.4;2;Control;0.0361007875764159;24;Female;39.7996325990014;47.5935724981815;36.55588883317;23.7104773268865
NA;05/06/2016;2016;3414721;0;0;300;5.4;1;Control;NA;NA;Female;-29.3037452317272;NA;9.27806396777773;NA
NA;29/06/2016;2016;3414721;1;1;765;26.9;2;Control;0.0390038899654306;24;Female;-69.4071352984718;-40.1033900667446;35.7409582917999;22.5095111297888
NA;09/06/2016;2016;3414729;1;1;725;15.6;1;Control;NA;NA;Female;61.984538747839;NA;21.5449707289783;NA
NA;22/06/2016;2016;3414729;3;1;745;25.6;2;Control;0.00209327411729883;13;Female;-73.8255617406012;-135.81010048844;33.6886615040192;27.6168161164987
NA;09/06/2016;2016;3414730;1;1;565;15.1;1;Control;NA;NA;Male;-8.26923505348896;NA;21.9165243150605;NA
NA;21/06/2016;2016;3414730;4;1;655;24;2;Control;0.0123174587074009;12;Male;-39.3826818910566;-31.1134468375676;32.1622313819997;27.0393778485301
NA;09/06/2016;2016;3414735;3;1;615;17.9;1;Control;NA;NA;Male;-2.73177142194186;NA;24.6907819493241;NA
NA;21/06/2016;2016;3414735;0;0;680;27.9;2;Control;0.00837254419696954;12;Male;-53.7396264743738;-51.007855052432;38.2351600891744;31.4629710192492
NA;09/06/2016;2016;3414736;4;1;610;14;1;Control;NA;NA;Male;56.5009781800188;NA;20.8675144796739;NA
NA;21/06/2016;2016;3414736;1;1;715;23.1;2;Control;0.0132352987938876;12;Male;30.6076322337015;-25.8933459463174;30.9018638625253;25.8846891710996
NA;09/06/2016;2016;3414737;3;1;440;8.3;1;Control;NA;NA;Male;23.1516485693299;NA;14.7003844995913;NA
NA;21/06/2016;2016;3414737;2;1;765;19.4;2;Control;0.0460917589095191;12;Male;126.234252214358;103.082603645028;26.3099232113073;20.5051538554493
NA;05/06/2016;2016;3414751;0;0;440;9.4;1;Control;NA;NA;Male;-9.37835781680297;NA;16.0913335925806;NA
NA;28/06/2016;2016;3414751;1;1;750;29.3;2;Control;0.0231868904181761;23;Male;3.46292395765795;12.8412817744609;40.6095941663924;28.3504638794865
NA;05/06/2016;2016;3414752;0;0;440;7.8;1;Control;NA;NA;Male;39.3917405127674;NA;14.0153194260709;NA
NA;24/06/2016;2016;3414752;3;1;780;25.2;2;Control;0.0301325890932279;19;Male;72.8644766817461;33.4727361689787;33.9298249730253;23.9725721995481
NA;05/06/2016;2016;3414753;0;0;300;7.1;1;Control;NA;NA;Female;-115.398494306944;NA;12.139825048259;NA
NA;21/06/2016;2016;3414753;1;1;700;21.8;2;Control;0.0529561162742002;16;Female;-68.2807313413305;47.1177629656136;28.330566562606;20.2351958054325
NA;05/06/2016;2016;3414754;2;1;410;8.9;1;Control;NA;NA;Male;-25.0916654142709;NA;15.4773507269562;NA
NA;21/06/2016;2016;3414754;2;1;655;24.3;2;Control;0.0292798797460562;16;Male;-42.6296975624455;-17.5380321481745;32.594931021085;24.0361408740206
1180;10/06/2016;2016;3414771;1;1;690;16.9;1;Control;NA;NA;Male;87.2942848962573;NA;23.6710475320114;NA
NA;21/06/2016;2016;3414771;1;1;770;25.7;2;Control;0.00997262884149314;11;Male;57.7291169956006;-29.5651679006567;34.6945375243529;29.1827925281822
1804;12/06/2016;2016;3414790;1;1;685;13.6;1;Control;NA;NA;Male;139.077781156657;NA;20.4852577598264;NA
1804;20/06/2016;2016;3414790;3;1;735;21.2;2;Control;0.00880645761882641;8;Male;73.0423731183553;-66.0354080383017;28.4283746250018;24.4568161924141
NA;17/06/2016;2016;3414821;1;1;710;15.7;1;Control;NA;NA;Female;44.9745407767477;NA;21.6414955011193;NA
NA;01/07/2016;2016;3414821;1;1;775;26.2;2;Control;0.006257004236999;14;Female;-51.1130755919373;-96.0876163686851;34.6233365722983;28.1324160367088
NA;17/06/2016;2016;3414822;0;0;490;13.3;1;Control;NA;NA;Female;-122.840401216601;NA;19.3455366379944;NA
NA;01/07/2016;2016;3414822;1;1;750;24.1;2;Control;0.0304048439589774;14;Female;-49.8320500982693;73.0083511183316;31.4541197967949;25.3998282173947
NA;19/06/2016;2016;3414828;0;0;575;15.8;1;Control;NA;NA;Female;-92.0226952164451;NA;21.7382221291194;NA
NA;01/07/2016;2016;3414828;NA;NA;885;26.4;2;Control;0.0359348003508816;12;Female;56.4947941562175;148.517489372663;34.9397601571287;28.338991143124
NA;21/06/2016;2016;3414832;3;1;590;23.6;1;Control;NA;NA;Male;-99.9896137719859;NA;31.5950412267736;NA
NA;28/06/2016;2016;3414832;1;1;615;29.9;2;Control;0.00592853298667898;7;Male;-136.835529093973;-36.8459153219876;41.6473473517218;36.6211942892477
342;26/05/2018;2018;3417993;0;0;405;8.1;1;Control;NA;NA;Female;-51.8483142537841;NA;13.5790359782611;NA
342;02/06/2018;2018;3417993;0;0;635;15.4;2;Control;0.0642482759694504;7;Female;-23.9565196174742;27.8917946363098;21.3524698632188;17.4657529207399
1374;26/05/2018;2018;3417994;2;1;625;14.9;1;Malarone;NA;NA;Female;-23.573939775551;NA;20.8737340497009;NA
1374;02/06/2018;2018;3417994;3;1;810;22;2;Malarone;0.037040371132869;7;Female;38.8465216407735;62.4204614163245;28.587389872578;24.7305619611394
243;26/05/2018;2018;3417995;0;0;410;6.6;1;Control;NA;NA;Female;17.5725559437398;NA;11.3571187786351;NA
243;02/06/2018;2018;3417995;0;0;620;15;2;Control;0.0590803311915405;7;Female;-30.6780520501379;-48.2506079938777;20.9692536527025;16.1631862156688
243;26/05/2018;2018;3417996;0;0;280;5.2;1;Control;NA;NA;Female;-37.4320113363431;NA;8.90110727061793;NA
243;02/06/2018;2018;3417996;0;0;510;11.8;2;Control;0.0856601603641603;7;Female;-65.1983026645917;-27.7662913282485;17.8686702916566;13.3848887811373
1697;26/05/2018;2018;3417998;0;0;435;8;1;Water;NA;NA;Female;-17.9406414905799;NA;13.4420520243036;NA
1697;10/06/2018;2018;3417998;3;1;710;21.7;2;Water;0.0326612625964451;15;Female;-56.8344593122988;-38.8938178217189;28.2031999266687;20.8226259754862
1697;26/05/2018;2018;3417999;0;0;410;7.5;1;Water;NA;NA;Male;19.6433054340997;NA;13.5862568943857;NA
1697;10/06/2018;2018;3417999;3;1;620;22.3;2;Water;0.0275708212227189;15;Male;-55.179734862558;-74.8230402966577;29.829529948588;21.7078934214869
1914;26/05/2018;2018;3418500;0;0;400;9.7;1;Control;NA;NA;Male;-57.5899671776301;NA;16.4466248966264;NA
1914;02/06/2018;2018;3418500;0;0;605;17.2;2;Control;0.0591091301318371;7;Male;-2.30491998445359;55.2850471931765;23.9727131475265;20.2096690220765
1914;26/05/2018;2018;3418502;0;0;350;6.1;1;Control;NA;NA;Female;-17.6458465475684;NA;10.5271508829416;NA
1914;02/06/2018;2018;3418502;0;0;475;13;2;Control;0.0436259499358831;7;Female;-130.663733767605;-113.017887220037;19.0557355580081;14.7914432204749
1959;26/05/2018;2018;3418503;0;0;570;10.4;1;Malarone;NA;NA;Female;34.529107769896;NA;16.3903359834888;NA
1959;03/06/2018;2018;3418503;0;0;815;18.4;2;Malarone;0.0446939690515334;8;Female;100.05645617594;65.5273484060444;24.3657450421619;20.3780405128254
1489;26/05/2018;2018;3418504;0;0;305;5.7;1;Control;NA;NA;Male;-13.6240075665093;NA;10.6780840092782;NA
1489;03/06/2018;2018;3418504;0;0;590;13.1;2;Control;0.0824763450365442;8;Male;53.8684913005716;67.4924988670809;20.0042124045417;15.34114820691
1837;27/05/2018;2018;3418507;1;1;540;12.9;1;Malarone;NA;NA;Male;7.88982292898822;NA;19.8103141922777;NA
1837;02/06/2018;2018;3418507;1;1;720;18.6;2;Malarone;0.0479470120752968;6;Male;92.2414112201966;84.3515882912084;25.4315536847168;22.6209339384972
1837;27/05/2018;2018;3418508;1;1;515;11.8;1;Malarone;NA;NA;Female;-60.1983026645917;NA;17.8686702916566;NA
1837;02/06/2018;2018;3418508;1;1;680;17.8;2;Malarone;0.046320982917736;6;Female;-24.5150657385027;35.683236926089;23.7352367045676;20.8019534981121
905;27/05/2018;2018;3418509;3;1;670;15.6;1;Malarone;NA;NA;Male;88.2159599047552;NA;22.3966232591571;NA
905;02/06/2018;2018;3418509;1;1;740;21.1;2;Malarone;0.0165620789688673;6;Male;79.2782212845534;-8.9377386202018;28.3051304455088;25.3508768523329
2081;27/05/2018;2018;3418510;0;0;550;11.9;1;Malarone;NA;NA;Female;-27.8528636686015;NA;17.9698171668289;NA
2081;03/06/2018;2018;3418510;3;1;695;18.7;2;Malarone;0.0334276524768965;7;Female;-25.0309368477383;2.82192682086315;24.6877664697975;21.3287918183132
2081;27/05/2018;2018;3418511;0;0;450;10.2;1;Malarone;NA;NA;Male;-20.7274759299012;NA;17.0192103220297;NA
2081;03/06/2018;2018;3418511;3;1;505;16.9;2;Malarone;0.0164729780729992;7;Male;-97.7057151037427;-76.9782391738415;23.6710475320114;20.3451289270206
2081;27/05/2018;2018;3418512;0;0;335;7.1;1;Malarone;NA;NA;Male;-41.0308409676681;NA;12.9914775784379;NA
2081;03/06/2018;2018;3418512;0;0;460;14.3;2;Malarone;0.045299422522582;7;Male;-99.0408845432892;-58.0100435756211;21.1534538702027;17.0724657243203
1886;27/05/2018;2018;3418513;0;0;535;13;1;Control;NA;NA;Male;0.871423708457542;NA;19.907388088187;NA
1886;02/06/2018;2018;3418513;0;0;695;18.9;2;Control;0.0436075164447976;6;Male;63.0592195951881;62.1877958867306;25.7567656319634;22.8320768600752
1886;27/05/2018;2018;3418514;0;0;425;11.7;1;Control;NA;NA;Male;-81.5892971818029;NA;18.618679891457;NA
1886;02/06/2018;2018;3418514;1;1;660;17.6;2;Control;0.0733584443493424;6;Male;46.6860475517669;128.27534473357;24.380456480819;21.499568186138
1886;27/05/2018;2018;3418515;0;0;265;7.1;1;Control;NA;NA;Female;-150.398494306944;NA;12.139825048259;NA
1886;02/06/2018;2018;3418515;0;0;540;13.6;2;Control;0.11863988559535;6;Female;-79.8569808728528;70.5415134340913;19.6336052296476;15.8867151389533
1500;27/05/2018;2018;3418516;0;0;650;14;1;Control;NA;NA;Male;96.5009781800188;NA;20.8675144796739;NA
1500;02/06/2018;2018;3418516;3;1;735;19.1;2;Control;0.0204830227205256;6;Male;100.307811029435;3.80683284941665;25.9763199583187;23.4219172189963
2074;31/05/2018;2018;3418526;0;0;630;14.3;1;Malarone;NA;NA;Male;70.9591154567108;NA;21.1534538702027;NA
2074;07/06/2018;2018;3418526;0;0;775;20.7;2;Malarone;0.0295918871382527;7;Male;119.280888827966;48.3217733712554;27.818880000325;24.4861669352639
2074;31/05/2018;2018;3418527;0;0;580;13.9;1;Malarone;NA;NA;Male;28.374687997346;NA;20.772092899238;NA
2074;07/06/2018;2018;3418527;0;0;690;20.3;2;Malarone;0.0248090705786914;7;Male;39.3811755318097;11.0064875344638;27.3431978583026;24.0576453787703
2074;31/05/2018;2018;3418528;0;0;450;9.8;1;Control;NA;NA;Male;-10.2708255526083;NA;16.5630301720113;NA
2074;07/06/2018;2018;3418528;0;0;580;16.1;2;Control;0.0362543601108714;7;Male;-10.0301940144002;0.240631538208106;22.8814044730582;19.7222173225347
1152;31/05/2018;2018;3418535;0;0;615;14.6;1;Control;NA;NA;Female;-27.1758152311909;NA;20.5876099912759;NA
1152;09/06/2018;2018;3418535;0;0;865;21.8;2;Control;0.0379008043472624;9;Female;96.7192686586695;123.89508388986;28.330566562606;24.459088276941
1152;31/05/2018;2018;3418536;0;0;395;10.1;1;Control;NA;NA;Female;-131.263495043703;NA;16.0548782193086;NA
1152;09/06/2018;2018;3418536;0;0;800;18.1;2;Control;0.0784139958629784;9;Female;90.2274813141885;221.490976357892;24.0483168423552;20.0515975308319
1416;09/06/2018;2018;3418551;0;0;610;10.7;1;Control;NA;NA;Female;65.5835681123453;NA;16.7184192173195;NA
1416;15/06/2018;2018;3418551;0;0;735;17.3;2;Control;0.0310685903409133;6;Female;39.4474667944096;-26.1361013179358;23.2223826747099;19.9704009460147
1416;09/06/2018;2018;3418552;0;0;400;7.8;1;Control;NA;NA;Male;-0.608259487232601;NA;14.0153194260709;NA
1416;15/06/2018;2018;3418552;0;0;320;11.6;2;Control;-0.0371905918857016;6;Male;-184.345666236683;-183.73740674945;18.5165190929656;16.2659192595183
407;09/06/2018;2018;3418553;0;0;590;13.3;1;Control;NA;NA;Female;-22.8404012166009;NA;19.3455366379944;NA
407;15/06/2018;2018;3418553;0;0;800;19.3;2;Control;0.0507481984613604;6;Female;70.0346497695944;92.8750509861952;25.3464903373312;22.3460134876628
407;09/06/2018;2018;3418554;0;0;665;14;1;Control;NA;NA;Female;36.0245948199104;NA;20.015861949495;NA
407;15/06/2018;2018;3418554;0;0;750;19.6;2;Control;0.020047694312417;6;Female;15.1826726679017;-20.8419221520087;25.6836037743858;22.8497328619404
2092;09/06/2018;2018;3418555;2;1;735;15;1;Control;NA;NA;Female;84.3219479498621;NA;20.9692536527025;NA
2092;16/06/2018;2018;3418555;0;0;720;20.6;2;Control;-0.00294561245753367;7;Female;-30.470487526846;-114.792435476708;26.8473269810736;23.9082903168881
1532;09/06/2018;2018;3418556;1;1;665;16.9;1;Control;NA;NA;Male;62.2942848962573;NA;23.6710475320114;NA
1532;16/06/2018;2018;3418556;1;1;675;22.8;2;Control;0.0021322357452394;7;Male;-5.9755687825334;-68.2698536787907;30.4944356529381;27.0827415924748
1532;09/06/2018;2018;3418557;0;0;660;16.6;1;Control;NA;NA;Male;61.9758679613178;NA;23.3725906463502;NA
1532;16/06/2018;2018;3418557;0;0;590;21.1;2;Control;-0.0160167568743866;7;Male;-70.7217787154466;-132.697646676764;28.3051304455088;25.8388605459295
1532;09/06/2018;2018;3418558;0;0;570;14;1;Control;NA;NA;Female;-58.9754051800896;NA;20.015861949495;NA
1532;16/06/2018;2018;3418558;3;1;765;20.5;2;Control;0.0420342104282771;7;Female;16.0602386674111;75.0356438475008;26.7280828768945;23.3719724131947
16181;09/06/2018;2018;3418564;1;1;755;16.6;1;Control;NA;NA;Female;72.4401412512439;NA;22.5209381161714;NA
16181;15/06/2018;2018;3418564;0;0;890;23.4;2;Control;0.0274172855795268;6;Female;99.4399697257822;26.9998284745384;30.4640021898015;26.4924701529864
16181;09/06/2018;2018;3418565;0;0;675;17.4;1;Control;NA;NA;Male;64.6732960687468;NA;24.1757592500708;NA
16181;15/06/2018;2018;3418565;0;0;785;23.5;2;Control;0.0251618378183131;6;Male;96.1202876843167;31.4469916155699;31.4549960518575;27.8153776509642
16181;09/06/2018;2018;3418566;0;0;585;14.8;1;Control;NA;NA;Male;16.9760526755815;NA;21.6299499615509;NA
16181;15/06/2018;2018;3418566;0;0;720;20.7;2;Control;0.0346065607963741;6;Male;64.2808888279662;47.3048361523847;27.818880000325;24.724414980938
1043;09/06/2018;2018;3418567;0;0;570;12.3;1;Control;NA;NA;Male;50.3389090631827;NA;19.2215260477066;NA
1043;15/06/2018;2018;3418567;0;0;650;19.3;2;Control;0.0218893336768478;6;Male;12.5850634906271;-37.7538455725555;26.1981428675101;22.7098344576083
1043;09/06/2018;2018;3418568;0;0;400;9.3;1;Control;NA;NA;Male;-46.5828081717913;NA;15.9707909238244;NA
1043;15/06/2018;2018;3418568;4;1;470;15.2;2;Control;0.0268780245993537;6;Male;-104.994531087963;-58.4117229161719;22.0122563250345;18.9915236244294
1995;09/06/2018;2018;3418569;2;1;560;11.6;1;Control;NA;NA;Female;-9.82101595881022;NA;17.6648665627868;NA
1995;15/06/2018;2018;3418569;3;1;825;23.1;2;Control;0.064574433767581;6;Female;38.498911360469;48.3199273192793;30.0502113323464;23.8575389475666
1995;09/06/2018;2018;3418570;0;0;320;6.8;1;Control;NA;NA;Male;-44.7464382353309;NA;12.5273025895843;NA
1995;15/06/2018;2018;3418570;4;1;485;13;2;Control;0.0693046491906185;6;Male;-49.1285762915425;-4.38213805621155;19.907388088187;16.2173453388857
1339;27/05/2018;2018;3418571;0;0;510;9.3;1;Control;NA;NA;Female;9.69461624891511;NA;15.1191383936455;NA
1339;03/06/2018;2018;3418571;3;1;545;16.3;2;Control;0.00948215270641037;7;Female;-131.822977331531;-141.517593580446;22.2253654600912;18.6722519268683
1339;27/05/2018;2018;3418572;3;1;610;12.2;1;Control;NA;NA;Male;92.4726466284153;NA;19.1221491820423;NA
1339;03/06/2018;2018;3418572;3;1;750;18.9;2;Control;0.0295163213375713;7;Male;118.059219595188;25.5865729667728;25.7567656319634;22.4394574070028
1339;27/05/2018;2018;3418573;0;0;290;5.5;1;Control;NA;NA;Female;-45.0757165717045;NA;9.46309465565075;NA
1339;03/06/2018;2018;3418573;0;0;260;8.9;2;Control;-0.0155998988521417;7;Female;-226.476184844742;-181.400468273037;14.6256981967773;12.044396426214
2106;27/05/2018;2018;3418574;0;0;380;6.3;1;Control;NA;NA;Female;2.20606010081991;NA;10.865065820603;NA
2106;03/06/2018;2018;3418574;0;0;585;13.2;2;Control;0.0616343706444893;7;Female;-25.4663249500213;-27.6723850508412;19.2491538775313;15.0571098490672
2140;27/05/2018;2018;3418577;0;0;845;17;1;Control;NA;NA;Female;154.950177589646;NA;22.9195781138311;NA
2140;03/06/2018;2018;3418577;0;0;985;23.2;2;Control;0.0219007162592736;7;Female;197.140103147429;42.1899255577825;30.1874352830286;26.5535066984298
O18;27/05/2018;2018;3418578;0;0;580;10.5;1;Malarone;NA;NA;Female;41.5189066916146;NA;16.5004839091375;NA
O18;03/06/2018;2018;3418578;0;0;560;16.2;2;Malarone;-0.00501304568732429;7;Female;-114.887195147545;-156.40610183916;22.1274238094828;19.3139538593101
1401;27/05/2018;2018;3418579;0;0;580;13.5;1;Control;NA;NA;Male;36.0068039358271;NA;20.3893962634695;NA
1401;03/06/2018;2018;3418579;0;0;745;20.9;2;Control;0.0357651592627278;7;Male;86.767586769422;50.7607828335949;28.0606674529174;24.2250318581934
1401;27/05/2018;2018;3418580;0;0;530;10.6;1;Control;NA;NA;Female;-11.4627612457168;NA;16.6098369325618;NA
1401;03/06/2018;2018;3418580;0;0;800;18.7;2;Control;0.0588192458745371;7;Female;79.9690631522617;91.4318243979785;24.6877664697975;20.6488017011796
O18;27/05/2018;2018;3418581;3;1;390;8.1;1;Malarone;NA;NA;Female;-66.8483142537841;NA;13.5790359782611;NA
O18;03/06/2018;2018;3418581;2;1;715;17.7;2;Malarone;0.0865908290814736;7;Female;12.2571283133516;79.1054425671356;23.6317982349503;18.6054171066057
1543;31/05/2018;2018;3418582;0;0;410;9.4;1;Control;NA;NA;Male;-39.378357816803;NA;16.0913335925806;NA
1543;07/06/2018;2018;3418582;0;0;490;15.6;2;Control;0.0254640330580455;7;Male;-91.7840400952448;-52.4056822784418;22.3966232591571;19.2439784258689
2018;31/05/2018;2018;3418591;0;0;740;16.5;1;Control;NA;NA;Female;59.3408335124777;NA;22.4221099093003;NA
2018;08/06/2018;2018;3418591;3;1;865;24.3;2;Control;0.019509915091708;8;Female;62.5682358303982;3.22740231792045;31.7432784909062;27.0826942001032
2018;31/05/2018;2018;3418592;3;1;835;17.5;1;Control;NA;NA;Female;135.831753282409;NA;23.4262435960968;NA
2018;08/06/2018;2018;3418592;1;1;925;25.3;2;Control;0.0127952515826962;8;Female;109.882500201055;-25.9492530813545;33.2298239258439;28.3280337609703
2159;01/06/2018;2018;3418595;0;0;280;13.8;1;Control;NA;NA;Male;-269.738073477463;NA;20.6765880846114;NA
2159;09/06/2018;2018;3418595;0;0;745;21.1;2;Control;0.122324326901289;8;Male;84.2782212845534;354.016294762017;28.3051304455088;24.4908592650601
1914;26/05/2018;2018;3418601;0;0;280;5;1;Control;NA;NA;Male;-4.37565687133008;NA;9.36637936424198;NA
1914;02/06/2018;2018;3418601;0;0;415;11;2;Control;0.0562127024373498;7;Male;-75.463745731089;-71.0880888597589;17.891432867033;13.6289061156375
2087;02/06/2018;2018;3418602;0;0;230;4.9;1;Control;NA;NA;Male;-49.0950449445962;NA;9.16956826754684;NA
2087;09/06/2018;2018;3418602;0;0;535;10.7;2;Control;0.120598205424687;7;Male;51.7638502460958;100.858895190692;17.5700717474983;13.3698200075226
2106;27/05/2018;2018;3418603;NA;NA;160;3.9;1;Control;NA;NA;Male;-59.4324788792205;NA;7.06022495831586;NA
2106;03/06/2018;2018;3418603;0;0;355;8.1;2;Control;0.11384913917737;7;Male;-55.4728792598631;3.95959961935739;14.43068850844;10.7454567333779
2123;09/06/2018;2018;3418604;0;0;500;12.2;1;Water;NA;NA;Male;-17.5273533715847;NA;19.1221491820423;NA
2123;15/06/2018;2018;3418604;1;1;630;18.3;2;Water;0.0385186201605644;6;Male;6.49160893384487;24.0189623054296;25.1110895942319;22.1166193881371
527;09/06/2018;2018;3418605;0;0;505;9.3;1;Control;NA;NA;Female;4.69461624891511;NA;15.1191383936455;NA
527;28/06/2018;2018;3418605;1;1;960;27;2;Control;0.0338092029045538;19;Female;124.42565144325;119.731035194334;35.9028774596617;25.5110079266536
869;09/06/2018;2018;3418617;0;0;535;13.1;1;Water;NA;NA;Male;-1.13150869942842;NA;20.0042124045417;NA
869;16/06/2018;2018;3418617;0;0;675;19.5;2;Water;0.0332065634252176;7;Male;34.8903860138871;36.0218947133155;26.422292113804;23.2132522591729
869;09/06/2018;2018;3418618;0;0;725;15.6;1;Water;NA;NA;Female;61.984538747839;NA;21.5449707289783;NA
869;16/06/2018;2018;3418618;3;1;820;21.9;2;Water;0.0175903836290891;7;Female;50.2796157467524;-11.7049230010866;28.4586292018215;25.0017999653999
2162;10/06/2018;2018;3418623;0;0;675;17.2;1;Control;NA;NA;Male;67.6950800155464;NA;23.9727131475265;NA
2162;16/06/2018;2018;3418623;1;1;825;22.9;2;Control;0.0334451159103585;6;Male;142.880528296717;75.1854482811709;30.6295375579465;27.3011253527365
1203;11/06/2018;2018;3418632;0;0;520;15;1;Water;NA;NA;Male;-51.5324751739126;NA;21.8209061828814;NA
1203;16/06/2018;2018;3418632;3;1;680;19.5;2;Water;0.0536527973189359;5;Male;39.8903860138871;91.4228611877998;26.422292113804;24.1215991483427
1203;11/06/2018;2018;3418633;0;0;380;10.3;1;Water;NA;NA;Male;-93.2775585978374;NA;17.1310213263497;NA
1203;16/06/2018;2018;3418633;3;1;445;14.3;2;Water;0.0315806058891617;5;Male;-114.040884543289;-20.7633259454518;21.1534538702027;19.1422375982762
2072;10/06/2018;2018;3418652;1;1;745;19.7;1;Water;NA;NA;Male;102.223205725739;NA;26.6488223172662;NA
2072;16/06/2018;2018;3418652;1;1;740;25;2;Water;-0.00112233869689068;6;Male;34.9472080217777;-67.2759977039611;33.6284916569386;30.1386569871024
2112;10/06/2018;2018;3418663;3;1;460;11.2;1;Water;NA;NA;Male;-35.1734479291131;NA;18.1022541036704;NA
2112;18/06/2018;2018;3418663;3;1;650;18.8;2;Water;0.0432182341758178;8;Male;19.4458615751848;54.619309504298;25.6478202821327;21.8750371929016
1540;10/06/2018;2018;3418664;0;0;600;15.6;1;Control;NA;NA;Male;18.2159599047552;NA;22.3966232591571;NA
1540;16/06/2018;2018;3418664;0;0;725;21.4;2;Control;0.0315403332730881;6;Male;60.5880696380839;42.3721097333287;28.6769053477618;25.5367643034595
1540;10/06/2018;2018;3418665;0;0;350;7.5;1;Control;NA;NA;Male;-40.3566945659003;NA;13.5862568943857;NA
1540;16/06/2018;2018;3418665;1;1;460;12.8;2;Control;0.0455488891666136;6;Male;-70.076070305618;-29.7193757397177;19.7129712545576;16.6496140744717
1833;10/06/2018;2018;3418666;2;1;885;18.9;1;Water;NA;NA;Female;161.622610185002;NA;24.9051131017845;NA
1833;16/06/2018;2018;3418666;3;1;835;24.2;2;Water;-0.00969265335951234;6;Female;33.8654072033889;-127.757202981613;31.5983538355403;28.2517334686624
1521;10/06/2018;2018;3418668;0;0;460;11.2;1;Water;NA;NA;Male;-35.1734479291131;NA;18.1022541036704;NA
1521;16/06/2018;2018;3418668;0;0;620;17.2;2;Water;0.0497488314259994;6;Male;12.6950800155464;47.8685279446595;23.9727131475265;21.0374836255984
1521;10/06/2018;2018;3418669;0;0;360;7;1;Water;NA;NA;Male;-12.3232412119692;NA;12.8385270232263;NA
1521;16/06/2018;2018;3418669;0;0;520;12.5;2;Water;0.0612874633542196;6;Male;-3.87701137021031;8.44622984175885;19.4191306296596;16.1288288264429
NA;15/06/2016;2016;3418746;NA;NA;640;19.9;1;Control;NA;NA;Male;-5.41703288689314;NA;26.8777849637611;NA
NA;28/06/2016;2016;3418746;0;0;640;19.9;2;Control;0;13;Male;-5.41703288689314;0;26.8777849637611;26.8777849637611
2232;19/05/2019;2019;3418748;0;0;630;12.8;1;Control;NA;NA;Female;29.21331915316;NA;18.8613187243787;NA
2232;25/05/2019;2019;3418748;0;0;775;18.6;2;Control;0.0345238683279614;6;Female;56.6557353551541;27.4424162019941;24.5799011545379;21.7206099394583
2232;19/05/2019;2019;3418749;3;1;560;11.7;1;Control;NA;NA;Female;-12.5211493804568;NA;17.7670273612782;NA
2232;25/05/2019;2019;3418749;3;1;660;17.7;2;Control;0.0273838418818794;6;Female;-42.7428716866484;-30.2217223061916;23.6317982349503;20.6994127981142
2232;19/05/2019;2019;3418750;0;0;560;11.9;1;Control;NA;NA;Male;48.9804035331619;NA;18.8214696970078;NA
2232;25/05/2019;2019;3418750;0;0;690;17.2;2;Control;0.0347924689770184;6;Male;82.6950800155464;33.7146764823845;23.9727131475265;21.3970914222671
2232;19/05/2019;2019;3418754;0;0;470;8.6;1;Control;NA;NA;Female;-5.69009003277796;NA;14.243026198803;NA
2232;25/05/2019;2019;3418754;0;0;660;13.8;2;Control;0.0565845233860612;6;Female;35.5507680476446;41.2408580804226;19.8249355544326;17.0339808766178
19931;19/05/2019;2019;3418755;0;0;610;14.2;1;Malarone;NA;NA;Female;-23.4373752007052;NA;20.2065252254283;NA
19931;25/05/2019;2019;3418755;0;0;775;20.2;2;Malarone;0.039900678697665;6;Female;30.6976240625356;54.1349992632408;26.3742421462671;23.2903836858477
19931;19/05/2019;2019;3418756;3;1;575;13.6;1;Malarone;NA;NA;Male;29.077781156657;NA;20.4852577598264;NA
19931;25/05/2019;2019;3418756;0;0;690;19.6;2;Malarone;0.0303869261323258;6;Male;48.5533938393796;19.4756126827226;26.5352563045647;23.5102570321956
1630;19/05/2019;2019;3418760;0;0;670;16.4;1;Malarone;NA;NA;Male;75.1441661497411;NA;23.1752424228496;NA
1630;26/05/2019;2019;3418760;0;0;665;22;2;Malarone;-0.00107009596130823;7;Male;-6.63952633910094;-81.783692488842;29.4390424027568;26.3071424128032
1630;19/05/2019;2019;3418761;0;0;770;16.9;1;Malarone;NA;NA;Female;81.8060154928708;NA;22.8193950018326;NA
1630;26/05/2019;2019;3418761;0;0;845;23.5;2;Malarone;0.0132780160727778;7;Female;53.0985450397109;-28.7074704531599;30.6033435216787;26.7113692617556
1630;19/05/2019;2019;3418762;0;0;605;14.4;1;Malarone;NA;NA;Male;44.1376349132534;NA;21.2487155888037;NA
1630;26/05/2019;2019;3418762;0;0;630;20.5;2;Malarone;0.00578448019353386;7;Male;-23.181407741127;-67.3190426543804;27.5797354070733;24.4142254979385
1374;22/05/2019;2019;3418791;3;1;820;18.6;1;Malarone;NA;NA;Male;192.241411220197;NA;25.4315536847168;NA
1374;30/05/2019;2019;3418791;2;1;745;25.4;2;Malarone;-0.0119900152348424;8;Male;35.7982097932468;-156.44320142695;34.2337783783999;29.8326660315583
1374;22/05/2019;2019;3418792;3;1;870;18.1;1;Malarone;NA;NA;Female;160.227481314188;NA;24.0483168423552;NA
1374;30/05/2019;2019;3418792;1;1;885;25.3;2;Malarone;0.00213680416991251;8;Female;69.8825002010549;-90.3449811131336;33.2298239258439;28.6390703840996
1374;22/05/2019;2019;3418793;3;1;850;17.3;1;Malarone;NA;NA;Male;241.179821278022;NA;24.0740352048888;NA
1374;30/05/2019;2019;3418793;2;1;800;24;2;Malarone;-0.00757807772705436;8;Male;105.617318108943;-135.562503169078;32.1622313819997;28.1181332934442
2171B;23/05/2019;2019;3418794;1;1;565;11.6;1;Control;NA;NA;Male;60.6543337633171;NA;18.5165190929656;NA
2171B;30/05/2019;2019;3418794;4;1;710;18.8;2;Control;0.0326341769841314;7;Male;79.4458615751848;18.7915278118678;25.6478202821327;22.0821696875492
2171B;23/05/2019;2019;3418795;4;1;555;12.1;1;Control;NA;NA;Male;39.6239460171644;NA;19.0223615539233;NA
2171B;30/05/2019;2019;3418795;4;1;695;19.2;2;Control;0.032134818831194;7;Male;58.9428919998115;19.3189459826472;26.0869441569604;22.5546528554419
2171B;23/05/2019;2019;3418796;0;0;585;13;1;Control;NA;NA;Male;50.8714237084575;NA;19.907388088187;NA
2171B;30/05/2019;2019;3418796;3;1;680;20.3;2;Control;0.0214972787054709;7;Male;29.3811755318097;-21.4902481766478;27.3431978583026;23.6252929732448
2171B;23/05/2019;2019;3418797;0;0;470;8.5;1;Control;NA;NA;Female;-2.01094151659271;NA;14.1129235245016;NA
2171B;30/05/2019;2019;3418797;0;0;690;16.1;2;Control;0.0548512718410287;7;Female;17.0605733801917;19.0715148967844;22.0297519428793;18.0713377336905
2188A;24/05/2019;2019;3418817;3;1;990;21;1;Malarone;NA;NA;Female;233.480025797854;NA;27.3309100564229;NA
2188A;30/05/2019;2019;3418817;2;1;960;25.2;2;Malarone;-0.00512860977779228;6;Female;146.128298313298;-87.351727484556;33.0781724428464;30.2045412496347
2188A;24/05/2019;2019;3418818;0;0;840;20.8;1;Malarone;NA;NA;Male;183.021216991314;NA;27.9394412532046;NA
2188A;30/05/2019;2019;3418818;0;0;775;24.8;2;Malarone;-0.0134231437473354;6;Male;72.0466683067548;-110.974548684559;33.3298131348029;30.6346271940038
2188A;24/05/2019;2019;3418819;0;0;790;17.6;1;Malarone;NA;NA;Male;176.686047551767;NA;24.380456480819;NA
2188A;30/05/2019;2019;3418819;0;0;790;23.1;2;Malarone;0;6;Male;105.607632233701;-71.0784153180655;30.9018638625253;27.6411601716722
1608;25/05/2019;2019;3418834;4;1;785;16.2;1;Malarone;NA;NA;Female;110.112804852455;NA;22.1274238094828;NA
1608;01/06/2019;2019;3418834;3;1;815;22.2;2;Malarone;0.00535777077977918;7;Female;40.9997726899353;-69.1130321625196;28.8470124423278;25.4872181259053
1608;25/05/2019;2019;3418835;3;1;675;14.5;1;Malarone;NA;NA;Female;34.9861425036888;NA;20.4923271010613;NA
1608;01/06/2019;2019;3418835;1;1;745;20.1;2;Malarone;0.0140959325010042;7;Female;2.25873700451575;-32.7274054991731;26.2575758747735;23.3749514879174
2224;25/05/2019;2019;3418836;0;0;670;13.7;1;Control;NA;NA;Female;47.8385134927623;NA;19.7293298063472;NA
2224;01/06/2019;2019;3418836;2;1;765;20.1;2;Control;0.0189425887773606;7;Female;22.2587370045158;-25.5797764882466;26.2575758747735;22.9934528405604
2224;25/05/2019;2019;3418837;0;0;560;12;1;Control;NA;NA;Male;46.7930987169555;NA;18.9221421339932;NA
2224;01/06/2019;2019;3418837;0;0;660;18.4;2;Control;0.0234718644701823;7;Male;35.0671836090949;-11.7259151078606;25.2173975723408;22.069769853167
1489;26/05/2019;2019;3418838;0;0;770;17.6;1;Malarone;NA;NA;Female;69.0393631782745;NA;23.5288039506402;NA
1489;02/06/2019;2019;3418838;0;0;895;24.2;2;Malarone;0.0214904576324466;7;Female;93.8654072033889;24.8260440251145;31.5983538355403;27.5635788930903
1489;26/05/2019;2019;3418839;3;1;780;17.8;1;Malarone;NA;NA;Female;75.4849342614973;NA;23.7352367045676;NA
1489;02/06/2019;2019;3418839;1;1;860;24.8;2;Malarone;0.0139483527948452;7;Female;51.1614234834499;-24.3235107780474;32.478160604624;28.1066986545958
13811;26/05/2019;2019;3418879;0;0;600;16;1;Malarone;NA;NA;Male;11.5983558035139;NA;22.7839891966054;NA
18311;02/06/2019;2019;3418879;0;0;735;21.7;2;Malarone;0.0289915491423843;7;Male;66.9492906832597;55.3509348797459;29.0548524568475;25.9194208267265
13811;26/05/2019;2019;3418880;0;0;810;19;1;Malarone;NA;NA;Female;84.9626400416466;NA;25.0146104241791;NA
18311;02/06/2019;2019;3418880;0;0;1000;25;2;Malarone;0.0301030044736646;7;Female;188.634794540657;103.67215449901;32.7768391267597;28.8957247754694
13811;26/05/2019;2019;3418881;0;0;735;18.7;1;Malarone;NA;NA;Male;105.839899014042;NA;25.5394189999763;NA
18311;02/06/2019;2019;3418881;0;0;780;24.3;2;Malarone;0.00848906006725726;7;Male;82.3703024375545;-23.4695965764877;32.594931021085;29.0671750105307
13811;26/05/2019;2019;3418882;0;0;475;11.3;1;Malarone;NA;NA;Male;-22.4968534514471;NA;18.2067084214326;NA
18311;02/06/2019;2019;3418882;0;0;700;18.6;2;Malarone;0.0553950758583948;7;Male;72.2414112201966;94.7382646716437;25.4315536847168;21.8191310530747
2214B;26/05/2019;2019;3418883;2;1;665;16.5;1;Malarone;NA;NA;Female;-15.6591664875223;NA;22.4221099093003;NA
2214B;02/06/2019;2019;3418883;0;0;760;22.4;2;Malarone;0.0190759132320747;7;Female;-16.8214445363496;-1.16227804882737;29.1094465802075;25.7657782447539
2214B;26/05/2019;2019;3418884;3;1;665;16.8;1;Malarone;NA;NA;Female;-21.3271326646454;NA;22.7195685459651;NA
2214B;02/06/2019;2019;3418884;NA;NA;800;22.4;2;Malarone;0.0264035267160104;7;Female;23.1785554636504;44.5056881282958;29.1094465802075;25.9145075630863
2214B;26/05/2019;2019;3418885;2;1;560;14;1;Malarone;NA;NA;Male;6.50097818001882;NA;20.8675144796739;NA
2214B;02/06/2019;2019;3418885;NA;NA;695;20;2;Malarone;0.0308535802622282;7;Male;48.2727819126458;41.7718037326269;26.9931936854704;23.9303540825722
2214B;26/05/2019;2019;3418886;4;1;405;9.6;1;Malarone;NA;NA;Female;-105.292368975136;NA;15.4775718284258;NA
2214B;02/06/2019;2019;3418886;2;1;580;15.5;2;Malarone;0.0513058623477037;7;Female;-80.9925371602901;24.2998318148456;21.4486336394046;18.4631027339152
2214B;26/05/2019;2019;3418887;0;0;385;8.5;1;Malarone;NA;NA;Female;-87.0109415165927;NA;14.1129235245016;NA
2214B;02/06/2019;2019;3418887;3;1;565;15.1;2;Malarone;0.0547974852655224;7;Female;-87.768183409049;-0.757241892456307;21.0648717848817;17.5888976546917
2185A;31/05/2019;2019;3418931;4;1;590;16.6;1;Malarone;NA;NA;Male;-8.02413203868218;NA;23.3725906463502;NA
2185A;07/06/2019;2019;3418931;0;0;705;22.1;2;Malarone;0.0254393237017862;7;Male;32.1750684535887;40.1992004922708;29.5685029374297;26.47054679189
18331;01/06/2019;2019;3418937;3;1;645;13.9;1;Malarone;NA;NA;Female;18.2795407642229;NA;19.9204403690592;NA
18331;08/06/2019;2019;3418937;1;1;830;20.4;2;Malarone;0.0360250548564102;7;Female;82.5984501050905;64.3189093408675;26.6094905828074;23.2649654759333
18331;01/06/2019;2019;3418938;3;1;570;13;1;Malarone;NA;NA;Male;35.8714237084575;NA;19.907388088187;NA
18331;08/06/2019;2019;3418938;2;1;765;19.6;2;Malarone;0.0420342104282771;7;Male;123.55339383938;87.6819701309221;26.5352563045647;23.2213221963759
18331;01/06/2019;2019;3418939;0;0;575;10.7;1;Malarone;NA;NA;Female;30.5835681123453;NA;16.7184192173195;NA
18331;08/06/2019;2019;3418939;0;0;875;17.9;2;Malarone;0.0599791207943234;7;Female;168.722668519716;138.139100407371;23.8391294191452;20.2787743182323
869;30/05/2019;2019;3418969;0;0;710;16.3;1;Malarone;NA;NA;Male;116.742834131575;NA;23.07701799027;NA
869;06/06/2019;2019;3418969;0;0;670;22.6;2;Malarone;-0.00828389395004991;7;Male;-8.67263405945914;-125.415468191034;30.2263539905469;26.6516859904085
869;30/05/2019;2019;3418970;0;0;590;15.4;1;Malarone;NA;NA;Male;11.5886699282719;NA;22.2041223933976;NA
869;06/06/2019;2019;3418970;0;0;700;21.9;2;Malarone;0.0244225425919485;7;Male;29.5512793661528;17.9626094378809;29.3102817320003;25.757202062699
2180A;31/05/2019;2019;3419031;4;1;770;21.4;1;Malarone;NA;NA;Female;7.54468721858439;NA;27.825252817583;NA
2180A;10/06/2019;2019;3419031;0;0;840;29;2;Malarone;0.00870113769896297;10;Female;-18.0527383900724;-25.5974256086567;39.2430009040775;33.5341268608302
2180A;31/05/2019;2019;3419034;0;0;830;20.3;1;Malarone;NA;NA;Female;84.1442203516799;NA;26.4915453281237;NA
2180A;10/06/2019;2019;3419034;1;1;880;28.7;2;Malarone;0.00584962066816086;10;Female;25.2183165154024;-58.9259038362775;38.7311311429765;32.6113382355501
2180A;31/05/2019;2019;3419035;3;1;690;17.3;1;Malarone;NA;NA;Male;81.1798212780216;NA;24.0740352048888;NA
2180A;10/06/2019;2019;3419035;1;1;745;25.6;2;Malarone;0.00766926207882544;10;Male;33.7481490863697;-47.4316721916518;34.5403140341981;29.3071746195434
2185A;31/05/2019;2019;3419039;3;1;610;16;1;Malarone;NA;NA;Male;21.5983558035139;NA;22.7839891966054;NA
2185A;07/06/2019;2019;3419039;1;1;825;22.3;2;Malarone;0.0431320613096177;7;Male;149.820265137442;128.221909333928;29.829529948588;26.3067595725967
2185A;31/05/2019;2019;3419040;3;1;750;18.7;1;Malarone;NA;NA;Female;29.9690631522617;NA;24.6877664697975;NA
2185A;07/06/2019;2019;3419040;0;0;840;23.6;2;Malarone;0.0161898121867148;7;Female;46.7628164416474;16.7937532893857;30.7433886965947;27.7155775831961
19951;01/06/2019;2019;3419051;0;0;760;17.4;1;Control;NA;NA;Male;149.673296068747;NA;24.1757592500708;NA
19951;08/06/2019;2019;3419051;3;1;845;22.1;2;Control;0.0151454562966853;7;Male;172.175068453589;22.5017723848418;29.5685029374297;26.8721310937502
19951;01/06/2019;2019;3419052;1;1;655;14.8;1;Control;NA;NA;Male;86.9760526755815;NA;21.6299499615509;NA
19951;08/06/2019;2019;3419052;2;1;750;20.9;2;Control;0.0193482815564434;7;Male;91.767586769422;4.79153409384048;28.0606674529174;24.8453087072341
19951;01/06/2019;2019;3419053;3;1;580;11.4;1;Control;NA;NA;Female;15.6497934508518;NA;17.4589031304003;NA
19951;08/06/2019;2019;3419053;4;1;760;18.1;2;Control;0.0386129042485588;7;Female;50.2274813141885;34.5776878633367;24.0483168423552;20.7536099863777
791;01/06/2019;2019;3419054;0;0;760;21.1;1;Control;NA;NA;Male;99.2782212845534;NA;28.3051304455088;NA
791;10/06/2019;2019;3419054;3;1;795;29.1;2;Control;0.00500263126377279;9;Male;50.2532145197874;-49.025006764766;40.2659751615241;34.2855528035165
791;01/06/2019;2019;3419055;0;0;710;20.2;1;Control;NA;NA;Male;60.6719505016683;NA;27.225894676446;NA
791;10/06/2019;2019;3419055;4;1;730;27.5;2;Control;0.00308661823411952;9;Male;0.034899770030961;-60.6370507316374;37.5720856236325;32.3989901500392
791;01/06/2019;2019;3419056;0;0;400;13.7;1;Control;NA;NA;Male;-147.837109460621;NA;20.5809823365261;NA
791;10/06/2019;2019;3419056;4;1;565;22;2;Control;0.0383734648931621;9;Male;-106.639526339101;41.19758312152;29.4390424027568;25.0100123696414
21372;01/06/2019;2019;3419063;0;0;690;18.4;1;Malarone;NA;NA;Female;-24.9435438240596;NA;24.3657450421619;NA
21372;08/06/2019;2019;3419063;0;0;810;24.3;2;Malarone;0.0229060928678828;7;Female;7.56823583039818;32.5117796544578;31.7432784909062;28.054511766534
21372;01/06/2019;2019;3419064;3;1;670;13.1;1;Malarone;NA;NA;Female;61.9258053018239;NA;19.1525598743628;NA
21372;08/06/2019;2019;3419064;0;0;900;20.1;2;Malarone;0.0421595787056142;7;Female;157.258737004516;95.3329317026919;26.2575758747735;22.7050678745682
2196A;01/06/2019;2019;3419068;3;1;720;16.2;1;Malarone;NA;NA;Female;45.1128048524549;NA;22.1274238094828;NA
2196A;08/06/2019;2019;3419068;0;0;870;22.2;2;Malarone;0.0270345713769326;7;Female;95.9997726899353;50.8869678374804;28.8470124423278;25.4872181259053
2196A;01/06/2019;2019;3419069;0;0;720;17;1;Malarone;NA;NA;Female;29.9501775896463;NA;22.9195781138311;NA
2196A;08/06/2019;2019;3419069;2;1;890;22.9;2;Malarone;0.0302814643880121;7;Female;106.234264354697;76.2840867650511;29.7778850277676;26.3487315707994
2196A;01/06/2019;2019;3419070;2;1;570;15.1;1;Malarone;NA;NA;Male;-3.26923505348896;NA;21.9165243150605;NA
2196A;08/06/2019;2019;3419070;0;0;720;21.2;2;Malarone;0.0333735501687864;7;Male;58.0423731183553;61.3116081718442;28.4283746250018;25.1724494700312
2196A;01/06/2019;2019;3419071;3;1;530;13.1;1;Malarone;NA;NA;Male;-6.13150869942842;NA;20.0042124045417;NA
2196A;08/06/2019;2019;3419071;2;1;740;19.4;2;Malarone;0.0476818828074354;7;Male;101.234252214358;107.365760913786;26.3099232113073;23.1570678079245
1818;02/06/2019;2019;3419081;0;0;800;18.8;1;Control;NA;NA;Female;78.2913865772118;NA;24.7961677519539;NA
1818;08/06/2019;2019;3419081;1;1;930;20.3;2;Control;0.0250954764132291;6;Female;184.14422035168;105.852833774468;26.4915453281237;25.6438565400388
1818;02/06/2019;2019;3419082;0;0;800;18.7;1;Control;NA;NA;Female;79.9690631522617;NA;24.6877664697975;NA
1818;08/06/2019;2019;3419082;0;0;1000;24.1;2;Control;0.0371905918857016;6;Female;200.167949901731;120.198886749469;31.4541197967949;28.0709431332962
1818;02/06/2019;2019;3419083;0;0;560;13.8;1;Control;NA;NA;Female;-64.4492319523554;NA;19.8249355544326;NA
1818;08/06/2019;2019;3419083;0;0;720;19.2;2;Control;0.0418857380468177;6;Female;-8.33124986889698;56.1179820834584;25.2352916267815;22.530113590607
22341;07/06/2019;2019;3419116;3;1;770;18.7;1;Control;NA;NA;Female;49.9690631522617;NA;24.6877664697975;NA
22341;14/06/2019;2019;3419116;3;1;875;24.7;2;Control;0.0182619102156979;7;Female;67.4323893021224;17.4633261498607;32.329826879487;28.5087966746422
22341;07/06/2019;2019;3419117;3;1;670;19.3;1;Control;NA;NA;Male;32.5850634906271;NA;26.1981428675101;NA
22341;14/06/2019;2019;3419117;3;1;750;25.1;2;Control;0.0161136420207635;7;Male;43.9037679126684;11.3187044220413;33.7788285613217;29.9884857144159
22341;07/06/2019;2019;3419118;2;1;590;15.4;1;Control;NA;NA;Male;11.5886699282719;NA;22.2041223933976;NA
22341;14/06/2019;2019;3419118;3;1;670;21.3;2;Control;0.018165025069321;7;Male;6.81234072974939;-4.77632919852249;28.5522985245568;25.3782104589772
2278B;09/06/2019;2019;3419162;0;0;365;6.8;1;Control;NA;NA;Male;0.253561764669087;NA;12.5273025895843;NA
2278B;25/06/2019;2019;3419162;2;1;700;21.8;2;Control;0.0406989363413071;16;Male;30.7475350020836;30.4939732374145;29.1822190927849;20.8547608411846
2278B;09/06/2019;2019;3419163;0;0;290;5.8;1;Control;NA;NA;Male;-33.1698856286708;NA;10.8564578648376;NA
2278B;25/06/2019;2019;3419163;3;1;690;22.2;2;Control;0.0541756671631741;16;Male;15.9950149810113;49.1649006096821;29.6986649725067;20.2775614186721
2215;08/06/2019;2019;3419183;3;1;710;17.3;1;Malarone;NA;NA;Female;14.4474667944096;NA;23.2223826747099;NA
2215;13/06/2019;2019;3419183;2;1;810;21.7;2;Malarone;0.0263538555262247;5;Female;43.1655406877012;28.7180738932916;28.2031999266687;25.7127913006893
2190A;08/06/2019;2019;3419187;0;0;795;18.7;1;Control;NA;NA;Female;74.9690631522617;NA;24.6877664697975;NA
2190A;14/06/2019;2019;3419187;2;1;880;23.9;2;Control;0.0169299654696534;6;Female;82.7893285067028;7.82026535444106;31.1677332818816;27.9277498758395
2190A;08/06/2019;2019;3419189;3;1;785;17.1;1;Control;NA;NA;Male;179.219174130908;NA;23.871782038893;NA
2190A;14/06/2019;2019;3419189;3;1;840;22.1;2;Control;0.0112863623424918;6;Male;167.175068453589;-12.0441056773197;29.5685029374297;26.7201424881613
2190A;08/06/2019;2019;3419190;1;1;610;13.6;1;Control;NA;NA;Male;64.077781156657;NA;20.4852577598264;NA
2190A;14/06/2019;2019;3419190;3;1;680;19;2;Control;0.0181056401671326;6;Male;46.6798950211689;-17.3978861354881;25.8662629543579;23.1757603570922
2287B;14/06/2019;2019;3419237;2;1;730;16.2;1;Malarone;NA;NA;Female;55.1128048524549;NA;22.1274238094828;NA
2287B;21/06/2019;2019;3419237;0;0;940;23.5;2;Malarone;0.0361193344459447;7;Female;148.098545039711;92.9857401872559;30.6033435216787;26.3653836655808
2249B;18/06/2019;2019;3419265;2;1;555;10.2;1;Control;NA;NA;Female;25.6373309988517;NA;16.1675577918508;NA
2249B;25/06/2019;2019;3419265;4;1;690;17.5;2;Control;0.0311033548349815;7;Female;-9.16824671759059;-34.8055777164423;23.4262435960968;19.7969006939738
2249B;18/06/2019;2019;3419266;3;1;540;9.3;1;Control;NA;NA;Female;39.6946162489151;NA;15.1191383936455;NA
2249B;25/06/2019;2019;3419266;3;1;675;16.4;2;Control;0.0318776501877443;7;Female;-3.74691979508771;-43.4415360440028;22.3235898926707;18.7213641431581
2278B;09/06/2019;2019;3419272;0;0;215;4;1;Control;NA;NA;Male;-11.050082980462;NA;7.28325635318162;NA
2278B;25/06/2019;2019;3419272;2;1;655;18.4;2;Control;0.0696248254692243;16;Male;30.0671836090949;41.1172665895568;25.2173975723408;16.2503269627612
2260E;16/05/2020;2020;3419275;0;0;540;12.8;1;Control;NA;NA;Male;9.92392969438197;NA;19.7129712545576;NA
2260E;29/05/2020;2020;3419275;2;1;830;23.4;2;Control;0.0330658893255633;13;Male;142.234922210185;132.310992515803;31.3156547199803;25.514312987269
2260E;16/05/2020;2020;3419276;0;0;480;12.3;1;Control;NA;NA;Male;-39.6610909368173;NA;19.2215260477066;NA
2260E;29/05/2020;2020;3419276;1;1;785;22.9;2;Control;0.0378382779908055;13;Male;102.880528296717;142.541619233535;30.6295375579465;24.9255318028265
2260E;16/05/2020;2020;3419277;4;1;460;9.1;1;Control;NA;NA;Female;-33.4667750258528;NA;14.8747259136031;NA
2260E;29/05/2020;2020;3419277;2;1;670;19.2;2;Control;0.0289270171462978;13;Female;-58.331249868897;-24.8644748430442;25.2352916267815;20.0550087701923
20771;16/05/2020;2020;3419278;2;1;565;12.6;1;Water;NA;NA;Male;39.0402572897583;NA;19.5173994252235;NA
20771;23/05/2020;2020;3419278;0;0;620;19.8;2;Water;0.0132705352703852;7;Male;-24.1002472293615;-63.1405045191198;26.7629964896977;23.1401979574606
20771;16/05/2020;2020;3419279;0;0;460;9.9;1;Water;NA;NA;Male;-2.92446662134938;NA;16.6784659154174;NA
20771;23/05/2020;2020;3419279;0;0;600;17.5;2;Water;0.0379575951047151;7;Male;-11.8245957108493;-8.9001290894999;24.2778961262756;20.4781810208465
20771;16/05/2020;2020;3419280;4;1;480;9.2;1;Malarone;NA;NA;Female;-16.9046629302986;NA;14.9974955807446;NA
20771;23/05/2020;2020;3419280;2;1;670;17.6;2;Malarone;0.047641658354725;7;Female;-30.9606368217255;-14.055973891427;23.5288039506402;19.2631497656924
1500;16/05/2020;2020;3419281;0;0;770;14.9;1;Malarone;NA;NA;Female;121.426060224449;NA;20.8737340497009;NA
1500;23/05/2020;2020;3419281;0;0;890;21;2;Malarone;0.020690135411208;7;Female;133.480025797854;12.0539655734046;27.3309100564229;24.1023220530619
1500;16/05/2020;2020;3419282;0;0;685;15.2;1;Control;NA;NA;Male;110.005468912037;NA;22.0122563250345;NA
1500;23/05/2020;2020;3419282;0;0;725;21.1;2;Control;0.00810754522749277;7;Male;64.2782212845534;-45.7272476274834;28.3051304455088;25.1586933852716
1500;16/05/2020;2020;3419283;0;0;655;13.7;1;Water;NA;NA;Male;107.162890539379;NA;20.5809823365261;NA
1500;23/05/2020;2020;3419283;0;0;790;19.6;2;Water;0.0267711014036879;7;Male;148.55339383938;41.3905033000005;26.5352563045647;23.5581193205454
2202B;16/05/2020;2020;3419284;0;0;575;10.3;1;Malarone;NA;NA;Female;42.568393366915;NA;16.2793687961708;NA
2202B;23/05/2020;2020;3419284;0;0;795;17.5;2;Malarone;0.0462817248367116;7;Female;95.8317532824094;53.2633599154944;23.4262435960968;19.8528061961338
2202B;16/05/2020;2020;3419285;0;0;540;9.5;1;Water;NA;NA;Female;33.0015209354078;NA;15.3591501012216;NA
2202B;23/05/2020;2020;3419285;0;0;720;16.7;2;Water;0.041097438921683;7;Female;35.5508646279852;2.54934369257745;22.6200869235876;18.9896185124046
1231E;16/05/2020;2020;3419286;3;1;725;16.3;1;Water;NA;NA;Male;131.742834131575;NA;23.07701799027;NA
1231E;23/05/2020;2020;3419286;3;1;850;22.3;2;Water;0.022723527804241;7;Male;174.820265137442;43.0774310058669;29.829529948588;26.453273969429
1231E;16/05/2020;2020;3419287;1;1;760;19.1;1;Malarone;NA;NA;Male;125.307811029435;NA;25.9763199583187;NA
1231E;23/05/2020;2020;3419287;0;0;790;24.5;2;Malarone;0.00553064459724149;7;Male;90.2278199485115;-35.0799910809239;32.8868412936356;29.4315806259772
1268E;16/05/2020;2020;3419289;3;1;775;18.5;1;Malarone;NA;NA;Male;148.650478784713;NA;25.3242160396891;NA
1268E;23/05/2020;2020;3419289;3;1;850;25;2;Malarone;0.013196188590145;7;Male;144.947208021778;-3.70327076293574;33.6284916569386;29.4763538483138
1268E;16/05/2020;2020;3419290;3;1;720;16.3;1;Control;NA;NA;Male;126.742834131575;NA;23.07701799027;NA
1268E;23/05/2020;2020;3419290;4;1;750;22.9;2;Control;0.0058317135028936;7;Male;67.8805282967173;-58.8623058348578;30.6295375579465;26.8532777741083
1268E;16/05/2020;2020;3419291;4;1;600;14.4;1;Water;NA;NA;Male;39.1376349132534;NA;21.2487155888037;NA
1268E;23/05/2020;2020;3419291;3;1;740;21.1;2;Water;0.0299600758545813;7;Male;79.2782212845534;40.1405863713001;28.3051304455088;24.7769230171562
2188A;17/05/2020;2020;3419292;0;0;360;6.8;1;Control;NA;NA;Male;-4.74643823533091;NA;12.5273025895843;NA
2188A;31/05/2020;2020;3419292;0;0;635;19.6;2;Control;0.0405372119601811;14;Male;-6.44660616062038;-1.70016792528946;26.5352563045647;19.5312794470745
2188A;17/05/2020;2020;3419293;0;0;320;5.4;1;Control;NA;NA;Female;-9.30374523172719;NA;9.27806396777773;NA
2188A;31/05/2020;2020;3419293;0;0;550;17.1;2;Control;0.0386855201737675;14;Female;-141.894775571205;-132.591030339478;23.0201295087141;16.1490967382459
3017B;17/05/2020;2020;3419294;0;0;460;8.3;1;Control;NA;NA;Male;43.1516485693299;NA;14.7003844995913;NA
3017B;31/05/2020;2020;3419294;1;1;810;21.9;2;Control;0.0404148398702388;14;Male;139.551279366153;96.3996307968229;29.3102817320003;22.0053331157958
202;17/05/2020;2020;3419297;0;0;440;7.9;1;Control;NA;NA;Female;-8.98381432268405;NA;13.3036054157253;NA
201;23/05/2020;2020;3419297;0;0;630;14;2;Control;0.0598241820788786;6;Female;1.02459481991036;10.0084091425944;20.015861949495;16.6597336826102
202;17/05/2020;2020;3419298;0;0;380;7.2;1;Water;NA;NA;Male;0.313415521265426;NA;13.1426951173687;NA
201;23/05/2020;2020;3419298;1;1;530;12.6;2;Water;0.055450958970956;6;Male;4.0402572897583;3.72684176849287;19.5173994252235;16.3300472712961
202;17/05/2020;2020;3419299;0;0;480;6.8;1;Malarone;NA;NA;Female;78.1819000209084;NA;11.6756500594054;NA
201;23/05/2020;2020;3419299;0;0;645;13.1;2;Malarone;0.049244035482306;6;Female;36.9258053018239;-41.2560947190845;19.1525598743628;15.4141049668841
1374;17/05/2020;2020;3419300;4;1;735;16;1;Control;NA;NA;Male;146.598355803514;NA;22.7839891966054;NA
1374;23/05/2020;2020;3419300;3;1;850;21.3;2;Control;0.0242276417119209;6;Male;186.812340729749;40.2139849262355;28.5522985245568;25.6681438605811
